Frecuencia_Hz,PSD_dBm
86000000.0,-90.05947398258002
86004882.8125,-90.04202039663198
86009765.625,-90.0882926959489
86014648.4375,-90.08580006275614
86019531.25,-90.13160675182755
86024414.0625,-90.21632476163501
86029296.875,-90.20001588283515
86034179.6875,-90.23982371828609
86039062.5,-90.15844589004516
86043945.3125,-90.23879752133442
86048828.125,-90.33390935888735
86053710.9375,-90.27703075567896
86058593.75,-90.32835781551054
86063476.5625,-90.36249684943468
86068359.375,-90.5083697781591
86073242.1875,-90.5076758574339
86078125.0,-90.58391723552035
86083007.8125,-90.37138091183951
86087890.625,-90.61663834531862
86092773.4375,-90.58191424668101
86097656.25,-90.67593552545992
86102539.0625,-90.58073971784606
86107421.875,-90.61666645163268
86112304.6875,-90.5897982473976
86117187.5,-90.5832616434262
86122070.3125,-90.72773167086947
86126953.125,-90.68138297105688
86131835.9375,-90.61412945151179
86136718.75,-90.63916180231641
86141601.5625,-90.61629399514217
86146484.375,-90.609622611786
86151367.1875,-90.61091856332831
86156250.0,-90.68760552231885
86161132.8125,-90.56981905008269
86166015.625,-90.70763933599454
86170898.4375,-90.58604189549217
86175781.25,-90.74644794435378
86180664.0625,-90.50442292405322
86185546.875,-90.6362335869722
86190429.6875,-90.76201095898091
86195312.5,-90.54150296843068
86200195.3125,-90.64415373641657
86205078.125,-90.74459489131391
86209960.9375,-90.67996374808988
86214843.75,-90.70424475994014
86219726.5625,-90.60240382680638
86224609.375,-90.81619739489213
86229492.1875,-90.59505585461457
86234375.0,-90.70174185568555
86239257.8125,-90.62606807131456
86244140.625,-90.78631465983278
86249023.4375,-90.64201974155634
86253906.25,-90.67363839478568
86258789.0625,-90.63331624345693
86263671.875,-90.68311436801335
86268554.6875,-90.68471625875398
86273437.5,-90.68095347556584
86278320.3125,-90.61643829929656
86283203.125,-90.65545962973036
86288085.9375,-90.6612672863364
86292968.75,-90.64371039801136
86297851.5625,-90.69986007922358
86302734.375,-90.6491673137179
86307617.1875,-90.58473546024445
86312500.0,-90.7415545377853
86317382.8125,-90.7060847291504
86322265.625,-90.6868227669807
86327148.4375,-90.64459405743068
86332031.25,-90.61779301316054
86336914.0625,-90.61332229182494
86341796.875,-90.67635812662778
86346679.6875,-90.55961352595546
86351562.5,-90.67356159350408
86356445.3125,-90.72498307821976
86361328.125,-90.7111960672481
86366210.9375,-90.58676018204974
86371093.75,-90.7151931010753
86375976.5625,-90.6909676006108
86380859.375,-90.66725691091682
86385742.1875,-90.74860824196915
86390625.0,-90.68781056358887
86395507.8125,-90.7678891630037
86400390.625,-90.6477663467677
86405273.4375,-90.76727069175263
86410156.25,-90.61437696311967
86415039.0625,-90.74427289733757
86419921.875,-90.60111959683755
86424804.6875,-90.62911119223739
86429687.5,-90.78955969545291
86434570.3125,-90.77232078918865
86439453.125,-90.58101670404514
86444335.9375,-90.62606977764514
86449218.75,-90.57024375038066
86454101.5625,-90.62578367508729
86458984.375,-90.65321504490277
86463867.1875,-90.5948177829188
86468750.0,-90.67210203820471
86473632.8125,-90.5844535890628
86478515.625,-90.66647182547842
86483398.4375,-90.54970058775345
86488281.25,-90.42297276457194
86493164.0625,-90.54123837598479
86498046.875,-90.49014886125715
86502929.6875,-90.64703686134953
86507812.5,-90.50613814778612
86512695.3125,-90.47514124993563
86517578.125,-90.3547747094716
86522460.9375,-90.50189194977031
86527343.75,-90.39851109699646
86532226.5625,-90.39065094215997
86537109.375,-90.39027950567854
86541992.1875,-90.41900513238826
86546875.0,-90.44072428133782
86551757.8125,-90.41770441050372
86556640.625,-90.30215195751992
86561523.4375,-90.39956169282118
86566406.25,-90.32325428768314
86571289.0625,-90.1870613915095
86576171.875,-90.12225696343853
86581054.6875,-90.21530138157866
86585937.5,-90.1835977805506
86590820.3125,-90.29243429833352
86595703.125,-90.19498906347101
86600585.9375,-90.06090942047985
86605468.75,-90.24951010170182
86610351.5625,-90.27612372262115
86615234.375,-90.21762027659162
86620117.1875,-90.32471725689697
86625000.0,-90.3559752121514
86629882.8125,-90.35124394644157
86634765.625,-90.49253281340901
86639648.4375,-90.51104701832224
86644531.25,-90.47419007625143
86649414.0625,-90.46537982973956
86654296.875,-90.43522719051225
86659179.6875,-90.48608732626928
86664062.5,-90.57474360451619
86668945.3125,-90.68725491007359
86673828.125,-90.50882435067402
86678710.9375,-90.42890290436296
86683593.75,-90.59228058339056
86688476.5625,-90.6402683937078
86693359.375,-90.52407344440087
86698242.1875,-90.59670534585283
86703125.0,-90.5978767717757
86708007.8125,-90.54039360311234
86712890.625,-90.53338166522545
86717773.4375,-90.61543133633205
86722656.25,-90.68606039949628
86727539.0625,-90.61292002958288
86732421.875,-90.51119958707426
86737304.6875,-90.57068792840067
86742187.5,-90.57030726479118
86747070.3125,-90.65697460338919
86751953.125,-90.5605599355226
86756835.9375,-90.56368043807964
86761718.75,-90.55173293223197
86766601.5625,-90.59937399822334
86771484.375,-90.50197934802944
86776367.1875,-90.62665520882317
86781250.0,-90.53254676652097
86786132.8125,-90.57735671452437
86791015.625,-90.47712863566542
86795898.4375,-90.58181833074323
86800781.25,-90.58956750389206
86805664.0625,-90.43208764222271
86810546.875,-90.50358415429139
86815429.6875,-90.46219852234802
86820312.5,-90.45376302164695
86825195.3125,-90.2800420844236
86830078.125,-90.50906425197576
86834960.9375,-90.42244155307833
86839843.75,-90.53698167763261
86844726.5625,-90.5849719813898
86849609.375,-90.53120190298915
86854492.1875,-90.53411995709598
86859375.0,-90.49987064802082
86864257.8125,-90.53874782846961
86869140.625,-90.57858263605584
86874023.4375,-90.52686581080044
86878906.25,-90.50053242536484
86883789.0625,-90.43971482212311
86888671.875,-90.45787191690164
86893554.6875,-90.5405350689131
86898437.5,-90.59824376033819
86903320.3125,-90.63614016383144
86908203.125,-90.47783425250344
86913085.9375,-90.6897129195618
86917968.75,-90.56370712644022
86922851.5625,-90.56186145104513
86927734.375,-90.52743085335158
86932617.1875,-90.74384571601152
86937500.0,-90.60369177170008
86942382.8125,-90.56141690744602
86947265.625,-90.6265794707559
86952148.4375,-90.53553439559997
86957031.25,-90.5593910655314
86961914.0625,-90.74854203564036
86966796.875,-90.69058627922209
86971679.6875,-90.73328658369661
86976562.5,-90.49807309248425
86981445.3125,-90.60060338460326
86986328.125,-90.59499071979394
86991210.9375,-90.68126964557055
86996093.75,-90.66891154844723
87000976.5625,-90.46463802954395
87005859.375,-90.76496629274538
87010742.1875,-90.64283410762906
87015625.0,-90.66793479398262
87020507.8125,-90.64087857894765
87025390.625,-90.64640724127958
87030273.4375,-90.6053043959171
87035156.25,-90.57902743956606
87040039.0625,-90.55367811943105
87044921.875,-90.50353843631765
87049804.6875,-90.66980835426713
87054687.5,-90.67917488286236
87059570.3125,-90.55617712062269
87064453.125,-90.5139141842746
87069335.9375,-90.57311895911451
87074218.75,-90.48681074489028
87079101.5625,-90.43991412714911
87083984.375,-90.47902339057109
87088867.1875,-90.39847617352382
87093750.0,-90.45288552467241
87098632.8125,-90.50183839305305
87103515.625,-90.46628183856009
87108398.4375,-90.39942358602588
87113281.25,-90.36098066076815
87118164.0625,-90.3999330836599
87123046.875,-90.43916517431742
87127929.6875,-90.46137718132937
87132812.5,-90.44159368625645
87137695.3125,-90.39924939152783
87142578.125,-90.54823321684884
87147460.9375,-90.44046310294254
87152343.75,-90.44194173798584
87157226.5625,-90.38123545283656
87162109.375,-90.47337459863081
87166992.1875,-90.56843135621418
87171875.0,-90.64891207319985
87176757.8125,-90.40667415648977
87181640.625,-90.45410850600632
87186523.4375,-90.44950933988909
87191406.25,-90.44572425960735
87196289.0625,-90.54467496134632
87201171.875,-90.47539728227036
87206054.6875,-90.523906084607
87210937.5,-90.57021503159098
87215820.3125,-90.58216306102298
87220703.125,-90.5391582468416
87225585.9375,-90.53308661640582
87230468.75,-90.62589469034833
87235351.5625,-90.51415950193677
87240234.375,-90.45284940403286
87245117.1875,-90.63648858558804
87250000.0,-90.5915585401483
87254882.8125,-90.51542016534924
87259765.625,-90.59788939750857
87264648.4375,-90.52185963756654
87269531.25,-90.52901586981295
87274414.0625,-90.36436117537008
87279296.875,-90.46340011135939
87284179.6875,-90.3970236141958
87289062.5,-90.42143203404669
87293945.3125,-90.33002621924877
87298828.125,-90.12484740607513
87303710.9375,-90.01719270989756
87308593.75,-89.92560432970257
87313476.5625,-89.85521435097712
87318359.375,-89.87863494451426
87323242.1875,-89.67978971194364
87328125.0,-89.5704346305941
87333007.8125,-89.4997268935455
87337890.625,-89.52725174067052
87342773.4375,-89.52358238764165
87347656.25,-89.30542621520613
87352539.0625,-89.1140065806845
87357421.875,-89.08860042732672
87362304.6875,-88.95789257826371
87367187.5,-88.84723583383885
87372070.3125,-88.76922918187881
87376953.125,-88.54403820611668
87381835.9375,-88.35744446048207
87386718.75,-88.23905746799642
87391601.5625,-88.29789509906504
87396484.375,-88.23043755263924
87401367.1875,-88.1627316387962
87406250.0,-88.26689664337229
87411132.8125,-88.36688016492735
87416015.625,-88.29065782032507
87420898.4375,-88.49197792323267
87425781.25,-88.50261640712466
87430664.0625,-88.74401103808773
87435546.875,-88.71942293598423
87440429.6875,-88.84833522841512
87445312.5,-88.9846286612507
87450195.3125,-89.23969000061396
87455078.125,-89.40759797752037
87459960.9375,-89.34612719567045
87464843.75,-89.4461512304392
87469726.5625,-89.63604810575964
87474609.375,-89.78115457071945
87479492.1875,-89.85068547989411
87484375.0,-89.93877545642016
87489257.8125,-90.03531446617271
87494140.625,-90.14542933230734
87499023.4375,-90.32794271680933
87503906.25,-90.27553916505045
87508789.0625,-90.40243574369467
87513671.875,-90.37198963261983
87518554.6875,-90.54409888762427
87523437.5,-90.6058641396395
87528320.3125,-90.49859635724235
87533203.125,-90.5756637912628
87538085.9375,-90.5852290825463
87542968.75,-90.57953349714376
87547851.5625,-90.52942567705537
87552734.375,-90.62368347214507
87557617.1875,-90.52938652144428
87562500.0,-90.45440481837653
87567382.8125,-90.74704785346856
87572265.625,-90.46338556025532
87577148.4375,-90.57749772550784
87582031.25,-90.56217031647782
87586914.0625,-90.53587559659945
87591796.875,-90.5820320604742
87596679.6875,-90.43257520042934
87601562.5,-90.4482509038711
87606445.3125,-90.34119877601415
87611328.125,-90.38896823526227
87616210.9375,-90.3606530566384
87621093.75,-90.31707494436185
87625976.5625,-90.25892162590725
87630859.375,-90.19341244636121
87635742.1875,-90.2265804993543
87640625.0,-90.15552488766556
87645507.8125,-90.16169676920131
87650390.625,-90.05126274373009
87655273.4375,-90.00062160110127
87660156.25,-89.86962947866112
87665039.0625,-89.87448996661684
87669921.875,-89.74339959175126
87674804.6875,-89.80080549295042
87679687.5,-89.86293569778502
87684570.3125,-89.82058796947055
87689453.125,-89.60831288017312
87694335.9375,-89.76695637135103
87699218.75,-89.6394568723531
87704101.5625,-89.68243340983418
87708984.375,-89.74686073495792
87713867.1875,-89.7820392405576
87718750.0,-89.88275860908087
87723632.8125,-89.87543446953663
87728515.625,-89.89001791243831
87733398.4375,-89.94134245664185
87738281.25,-89.9562560902277
87743164.0625,-90.02384523699158
87748046.875,-90.0754347570061
87752929.6875,-90.17346833119768
87757812.5,-90.16799836409302
87762695.3125,-90.23450929266198
87767578.125,-90.24071772868663
87772460.9375,-90.19160988572196
87777343.75,-90.28339928005326
87782226.5625,-90.36397847827504
87787109.375,-90.35818081404415
87791992.1875,-90.5135329044617
87796875.0,-90.33442352535346
87801757.8125,-90.47311226570147
87806640.625,-90.47025551374713
87811523.4375,-90.57534086244004
87816406.25,-90.61316634016524
87821289.0625,-90.55006398974723
87826171.875,-90.56005323357581
87831054.6875,-90.52347896088759
87835937.5,-90.5489917591174
87840820.3125,-90.5291310863418
87845703.125,-90.46175055053695
87850585.9375,-90.56250829675713
87855468.75,-90.54532985018838
87860351.5625,-90.52015922635618
87865234.375,-90.55406547571692
87870117.1875,-90.54324335519175
87875000.0,-90.61154611086221
87879882.8125,-90.45510677323489
87884765.625,-90.50613591150903
87889648.4375,-90.44189272451516
87894531.25,-90.3717683312413
87899414.0625,-90.42242162206986
87904296.875,-90.27727817393315
87909179.6875,-90.1950423592319
87914062.5,-90.18383934227225
87918945.3125,-90.03920879082074
87923828.125,-90.06288214979602
87928710.9375,-89.92419526853041
87933593.75,-89.66571522898693
87938476.5625,-89.49679469811295
87943359.375,-89.49205603399332
87948242.1875,-89.46193182797305
87953125.0,-89.35745429716422
87958007.8125,-89.18059159660959
87962890.625,-89.0253875378701
87967773.4375,-88.8602315511385
87972656.25,-88.90255658856321
87977539.0625,-88.76139649755666
87982421.875,-88.72181802890091
87987304.6875,-88.620035049025
87992187.5,-88.52526512167569
87997070.3125,-88.52223174561541
88001953.125,-88.54166635769954
88006835.9375,-88.54376694378604
88011718.75,-88.45866428029635
88016601.5625,-88.60680112763413
88021484.375,-88.72583685497145
88026367.1875,-88.87590587895215
88031250.0,-88.84092603409562
88036132.8125,-89.00288857301459
88041015.625,-89.16681214016381
88045898.4375,-89.44882284995344
88050781.25,-89.53135663320663
88055664.0625,-89.61368758665796
88060546.875,-89.67829744722303
88065429.6875,-89.75825717878695
88070312.5,-89.86932899476818
88075195.3125,-89.88313857492665
88080078.125,-89.97566302434461
88084960.9375,-90.20318376919619
88089843.75,-90.10267757678923
88094726.5625,-90.18542516382428
88099609.375,-90.23332556125206
88104492.1875,-90.2675974490428
88109375.0,-90.31926647326696
88114257.8125,-90.37447031065082
88119140.625,-90.47952900033175
88124023.4375,-90.42193983352621
88128906.25,-90.45107729708678
88133789.0625,-90.62274777893344
88138671.875,-90.47366907681177
88143554.6875,-90.64630487000659
88148437.5,-90.60612747164211
88153320.3125,-90.66953112752606
88158203.125,-90.59668210475957
88163085.9375,-90.52253324074147
88167968.75,-90.67056394846344
88172851.5625,-90.6346255389625
88177734.375,-90.69303505714561
88182617.1875,-90.62497948295729
88187500.0,-90.59785112865501
88192382.8125,-90.65651354624046
88197265.625,-90.64300315293113
88202148.4375,-90.62576767997734
88207031.25,-90.66255798024204
88211914.0625,-90.662553692421
88216796.875,-90.63301224716054
88221679.6875,-90.55306927310266
88226562.5,-90.65622662214537
88231445.3125,-90.67104802500114
88236328.125,-90.54496235725304
88241210.9375,-90.63829519378604
88246093.75,-90.68063953004216
88250976.5625,-90.60020623385145
88255859.375,-90.54149779959846
88260742.1875,-90.47040225936865
88265625.0,-90.44917156144336
88270507.8125,-90.47516141113539
88275390.625,-90.5201228135378
88280273.4375,-90.42269160477241
88285156.25,-90.61739335920575
88290039.0625,-90.48752546341657
88294921.875,-90.48096723924698
88299804.6875,-90.43706151380783
88304687.5,-90.51998481003085
88309570.3125,-90.59461537896729
88314453.125,-90.42916146045164
88319335.9375,-90.52126649864044
88324218.75,-90.54688810627769
88329101.5625,-90.54491966952011
88333984.375,-90.58630635378492
88338867.1875,-90.65151184128757
88343750.0,-90.51434183337625
88348632.8125,-90.58644145680515
88353515.625,-90.6014495775866
88358398.4375,-90.4982842306226
88363281.25,-90.64522222132547
88368164.0625,-90.61768139908725
88373046.875,-90.65662329148452
88377929.6875,-90.59822242351066
88382812.5,-90.68773942553696
88387695.3125,-90.71481355557239
88392578.125,-90.67408958234864
88397460.9375,-90.60586430031069
88402343.75,-90.70107747334487
88407226.5625,-90.68384803244962
88412109.375,-90.6654987918341
88416992.1875,-90.68374849273954
88421875.0,-90.61081268096461
88426757.8125,-90.68048166735161
88431640.625,-90.81568486265562
88436523.4375,-90.66474825959864
88441406.25,-90.57795397946066
88446289.0625,-90.57955522184145
88451171.875,-90.73450948708211
88456054.6875,-90.65029994136935
88460937.5,-90.70382708822018
88465820.3125,-90.55532139784319
88470703.125,-90.61176003730776
88475585.9375,-90.54433761360161
88480468.75,-90.58794272683576
88485351.5625,-90.57657262823798
88490234.375,-90.55497991341119
88495117.1875,-90.46348462133489
88500000.0,-90.39971614247872
88504882.8125,-90.45787272800314
88509765.625,-90.33647465877337
88514648.4375,-90.28961940314164
88519531.25,-90.2673465360896
88524414.0625,-90.10321600117078
88529296.875,-89.91879479637873
88534179.6875,-89.80706205659556
88539062.5,-89.77326668567943
88543945.3125,-89.75564121043334
88548828.125,-89.56558703524595
88553710.9375,-89.50925139666904
88558593.75,-89.42241890548354
88563476.5625,-89.21510606596149
88568359.375,-89.13870473630502
88573242.1875,-89.0761718009868
88578125.0,-88.9301626376058
88583007.8125,-88.87687946824323
88587890.625,-88.79930925683115
88592773.4375,-88.73472764075751
88597656.25,-88.7738583146058
88602539.0625,-88.8725717567699
88607421.875,-88.95454473742336
88612304.6875,-88.91215283661532
88617187.5,-88.94517213673629
88622070.3125,-88.83578669015651
88626953.125,-89.0043064510368
88631835.9375,-89.23665409838782
88636718.75,-89.34685078276522
88641601.5625,-89.55977810154803
88646484.375,-89.60917216591892
88651367.1875,-89.6340574934951
88656250.0,-89.91260159872957
88661132.8125,-89.95689481407308
88666015.625,-90.02367176720603
88670898.4375,-89.95387929316004
88675781.25,-90.09605293606666
88680664.0625,-90.01435588899542
88685546.875,-90.20018688170617
88690429.6875,-90.26174175173662
88695312.5,-90.28226261959148
88700195.3125,-90.38029280133611
88705078.125,-90.3746216543924
88709960.9375,-90.52326928851133
88714843.75,-90.52993826849632
88719726.5625,-90.50713524377582
88724609.375,-90.5858134479501
88729492.1875,-90.5031670549501
88734375.0,-90.54077101387517
88739257.8125,-90.47516750997744
88744140.625,-90.586844049467
88749023.4375,-90.51239992218206
88753906.25,-90.6478053117275
88758789.0625,-90.55026087664436
88763671.875,-90.64922985688099
88768554.6875,-90.6275292845686
88773437.5,-90.46117373241105
88778320.3125,-90.58174790244789
88783203.125,-90.54440468507687
88788085.9375,-90.6190254196022
88792968.75,-90.55113583847452
88797851.5625,-90.6217052387558
88802734.375,-90.6550880724048
88807617.1875,-90.51089122979732
88812500.0,-90.60972467302415
88817382.8125,-90.60716629254989
88822265.625,-90.3814190105029
88827148.4375,-90.48000698062819
88832031.25,-90.60640009947679
88836914.0625,-90.36115036640811
88841796.875,-90.34020487686797
88846679.6875,-90.36685852974333
88851562.5,-90.29665370205106
88856445.3125,-90.39724675535086
88861328.125,-90.22217627606909
88866210.9375,-90.29669729715005
88871093.75,-90.32787884858536
88875976.5625,-90.24180591609269
88880859.375,-90.08209721099178
88885742.1875,-90.00047966714709
88890625.0,-89.99194917822999
88895507.8125,-89.80431509204539
88900390.625,-89.7778295618011
88905273.4375,-89.83912882942388
88910156.25,-89.96483795631724
88915039.0625,-89.99428766749563
88919921.875,-90.13440841548862
88924804.6875,-90.09026975081946
88929687.5,-90.29643518889091
88934570.3125,-90.19609642715957
88939453.125,-90.25874785011015
88944335.9375,-90.292934104702
88949218.75,-90.39551284622578
88954101.5625,-90.42141609942988
88958984.375,-90.58913408964972
88963867.1875,-90.45753129068709
88968750.0,-90.60236589212502
88973632.8125,-90.57070042315871
88978515.625,-90.53276025686523
88983398.4375,-90.58520471490672
88988281.25,-90.59253753396891
88993164.0625,-90.50728362319387
88998046.875,-90.61839838583606
89002929.6875,-90.55108028166455
89007812.5,-90.60129981484576
89012695.3125,-90.7218155728201
89017578.125,-90.77249656954939
89022460.9375,-90.650059027553
89027343.75,-90.6605956452357
89032226.5625,-90.61394565166643
89037109.375,-90.80561666311067
89041992.1875,-90.6677123961943
89046875.0,-90.62008374127063
89051757.8125,-90.68917513972028
89056640.625,-90.66081691253322
89061523.4375,-90.63859390878466
89066406.25,-90.60317116667667
89071289.0625,-90.63423712754104
89076171.875,-90.51786277624552
89081054.6875,-90.64972423492776
89085937.5,-90.62837099045979
89090820.3125,-90.52843135677139
89095703.125,-90.54876622147992
89100585.9375,-90.54306020234355
89105468.75,-90.61614214694322
89110351.5625,-90.60246677753506
89115234.375,-90.55766147319616
89120117.1875,-90.49165927813578
89125000.0,-90.54783291331262
89129882.8125,-90.59345871448616
89134765.625,-90.57672300325194
89139648.4375,-90.46679077705491
89144531.25,-90.44388913999734
89149414.0625,-90.49379758885516
89154296.875,-90.42996282900697
89159179.6875,-90.4679045708512
89164062.5,-90.42088250435856
89168945.3125,-90.4888385914688
89173828.125,-90.50509344519537
89178710.9375,-90.42751568881181
89183593.75,-90.57768710375223
89188476.5625,-90.45802839586418
89193359.375,-90.50591334488888
89198242.1875,-90.40460066432411
89203125.0,-90.52056512944307
89208007.8125,-90.47679852992306
89212890.625,-90.45774307600865
89217773.4375,-90.6115514125899
89222656.25,-90.4602425189795
89227539.0625,-90.49015671860411
89232421.875,-90.49102284571643
89237304.6875,-90.54476623136355
89242187.5,-90.60114318591135
89247070.3125,-90.47797844482079
89251953.125,-90.53171965588365
89256835.9375,-90.41295165933889
89261718.75,-90.5936449151528
89266601.5625,-90.57720687374257
89271484.375,-90.58300304237872
89276367.1875,-90.43362741781942
89281250.0,-90.49531801943832
89286132.8125,-90.58834465283863
89291015.625,-90.40562113018183
89295898.4375,-90.52305943736934
89300781.25,-90.49732524020314
89305664.0625,-90.5854088826182
89310546.875,-90.5764957665003
89315429.6875,-90.54458524549727
89320312.5,-90.37536955778577
89325195.3125,-90.47559887388098
89330078.125,-90.51890225386092
89334960.9375,-90.42538251858016
89339843.75,-90.4114167615516
89344726.5625,-90.37274601133706
89349609.375,-90.32236752493179
89354492.1875,-90.27836952326277
89359375.0,-90.34681327532905
89364257.8125,-90.24736178389801
89369140.625,-90.18187331711877
89374023.4375,-90.19122879144157
89378906.25,-90.11773268523183
89383789.0625,-90.13480151129517
89388671.875,-90.19848357736512
89393554.6875,-90.12379837407576
89398437.5,-90.00323077195728
89403320.3125,-90.06444951261358
89408203.125,-89.96712173718063
89413085.9375,-90.02832949684506
89417968.75,-90.05316812581822
89422851.5625,-90.08066655967974
89427734.375,-90.14634377150071
89432617.1875,-90.10540383300369
89437500.0,-90.1409461688871
89442382.8125,-90.09109422819384
89447265.625,-90.31099591910018
89452148.4375,-90.20146828246644
89457031.25,-90.16777141210895
89461914.0625,-90.23037976430709
89466796.875,-90.35218781808905
89471679.6875,-90.42907377891103
89476562.5,-90.3945953108217
89481445.3125,-90.39183726957185
89486328.125,-90.37309656575053
89491210.9375,-90.41094378917305
89496093.75,-90.33448248538562
89500976.5625,-90.38856169276826
89505859.375,-90.45426469270757
89510742.1875,-90.4370177411667
89515625.0,-90.42580039514431
89520507.8125,-90.55454494643786
89525390.625,-90.50447415962847
89530273.4375,-90.41297265171846
89535156.25,-90.57112264123353
89540039.0625,-90.60884457770578
89544921.875,-90.4395555919485
89549804.6875,-90.38990568071597
89554687.5,-90.65617363377399
89559570.3125,-90.57758953321235
89564453.125,-90.59493741999543
89569335.9375,-90.54430908774845
89574218.75,-90.56524722022061
89579101.5625,-90.58464010886377
89583984.375,-90.53465816399188
89588867.1875,-90.62343524696556
89593750.0,-90.60414298721702
89598632.8125,-90.6297397507146
89603515.625,-90.56824032835345
89608398.4375,-90.53428890151969
89613281.25,-90.45599794710145
89618164.0625,-90.56693001934525
89623046.875,-90.49492986575524
89627929.6875,-90.40025038971075
89632812.5,-90.35627912082509
89637695.3125,-90.15697842531094
89642578.125,-90.06699541980407
89647460.9375,-89.99489248543648
89652343.75,-89.76405649697509
89657226.5625,-89.36024631702995
89662109.375,-89.21499963000161
89666992.1875,-88.79781599564319
89671875.0,-88.67135868129023
89676757.8125,-88.3874484951385
89681640.625,-87.63771521630673
89686523.4375,-86.63118917359608
89691406.25,-85.61621619945646
89696289.0625,-84.60723092287634
89701171.875,-83.45963463640334
89706054.6875,-82.35691735744032
89710937.5,-81.41305094314308
89715820.3125,-80.92563852339342
89720703.125,-80.98429368883333
89725585.9375,-81.45448361530629
89730468.75,-82.0190099390748
89735351.5625,-83.06197015752534
89740234.375,-84.17635361473
89745117.1875,-85.51350078949267
89750000.0,-86.59102708859959
89754882.8125,-87.51373189820396
89759765.625,-88.20188073884404
89764648.4375,-89.26772809076695
89769531.25,-89.64006137166683
89774414.0625,-90.09182067145045
89779296.875,-90.19411712457983
89784179.6875,-90.38032757174548
89789062.5,-90.34604518488015
89793945.3125,-90.60219043811762
89798828.125,-90.41094196035311
89803710.9375,-90.48336233190923
89808593.75,-90.57744014840443
89813476.5625,-90.60072998314592
89818359.375,-90.59509334372896
89823242.1875,-90.61599873004877
89828125.0,-90.62922535331239
89833007.8125,-90.6169537726822
89837890.625,-90.6172995051536
89842773.4375,-90.58504213316883
89847656.25,-90.58826274000796
89852539.0625,-90.57281074696047
89857421.875,-90.55223172280247
89862304.6875,-90.59041056071754
89867187.5,-90.53079828867448
89872070.3125,-90.52728610639389
89876953.125,-90.5799174698266
89881835.9375,-90.50148288428178
89886718.75,-90.59685824991246
89891601.5625,-90.47079335455618
89896484.375,-90.50899052575838
89901367.1875,-90.56054761733395
89906250.0,-90.33780799630833
89911132.8125,-90.4918751399741
89916015.625,-90.4870085688182
89920898.4375,-90.43148036173059
89925781.25,-90.41513497811818
89930664.0625,-90.38336129031475
89935546.875,-90.25129902073826
89940429.6875,-90.27098694216266
89945312.5,-90.29984511271479
89950195.3125,-90.22213692319664
89955078.125,-90.21919094096734
89959960.9375,-90.22871734645503
89964843.75,-90.16933916381194
89969726.5625,-90.0893934613326
89974609.375,-90.0467747503724
89979492.1875,-90.10815794918094
89984375.0,-89.82447098328723
89989257.8125,-89.79523107365526
89994140.625,-89.89166379499892
89999023.4375,-89.81434657650931
90003906.25,-89.81952607051167
90008789.0625,-89.8571413312716
90013671.875,-89.96538600358753
90018554.6875,-89.88376988151617
90023437.5,-90.04333534208226
90028320.3125,-90.17438846114064
90033203.125,-89.98264078038801
90038085.9375,-90.19289725528415
90042968.75,-90.18046453582795
90047851.5625,-90.06566074452616
90052734.375,-90.29282599463826
90057617.1875,-90.28409772686803
90062500.0,-90.31514233141414
90067382.8125,-90.25116866642722
90072265.625,-90.30315241747928
90077148.4375,-90.2366158100728
90082031.25,-90.35220462709628
90086914.0625,-90.5169289401029
90091796.875,-90.32961050106667
90096679.6875,-90.44567257188112
90101562.5,-90.40684894025188
90106445.3125,-90.45488824082142
90111328.125,-90.49660266711007
90116210.9375,-90.43013703049974
90121093.75,-90.57372806283516
90125976.5625,-90.5469173590327
90130859.375,-90.51187167561804
90135742.1875,-90.50190844666662
90140625.0,-90.52907172261709
90145507.8125,-90.50003060768037
90150390.625,-90.63102112109522
90155273.4375,-90.58066193214555
90160156.25,-90.5946296751685
90165039.0625,-90.64002685067672
90169921.875,-90.59139105701388
90174804.6875,-90.57871487463873
90179687.5,-90.58952387833165
90184570.3125,-90.59539277210894
90189453.125,-90.58906771752379
90194335.9375,-90.61129643885386
90199218.75,-90.68476163441326
90204101.5625,-90.6117313487872
90208984.375,-90.61282952992084
90213867.1875,-90.70490952227152
90218750.0,-90.78231229926575
90223632.8125,-90.60826182283384
90228515.625,-90.5388551714093
90233398.4375,-90.62217630368318
90238281.25,-90.67167945078981
90243164.0625,-90.56631523882095
90248046.875,-90.54320362774757
90252929.6875,-90.64629042829242
90257812.5,-90.68758504030245
90262695.3125,-90.59258991518536
90267578.125,-90.47400872019895
90272460.9375,-90.48822768872003
90277343.75,-90.47142264347912
90282226.5625,-90.43104368493465
90287109.375,-90.46211429391096
90291992.1875,-90.33229672794599
90296875.0,-90.44763931136339
90301757.8125,-90.33432712327976
90306640.625,-90.42696982287603
90311523.4375,-90.4751032614131
90316406.25,-90.48265420834403
90321289.0625,-90.53204458327625
90326171.875,-90.5392607878266
90331054.6875,-90.50297746962903
90335937.5,-90.59241636182205
90340820.3125,-90.50246261580924
90345703.125,-90.5885424173018
90350585.9375,-90.647569608758
90355468.75,-90.6503678482311
90360351.5625,-90.66027283239268
90365234.375,-90.56265922751211
90370117.1875,-90.6472329626155
90375000.0,-90.65672265531254
90379882.8125,-90.6062688910649
90384765.625,-90.61873483822023
90389648.4375,-90.6607945597134
90394531.25,-90.55020616835583
90399414.0625,-90.56588111203442
90404296.875,-90.57565446889595
90409179.6875,-90.60942217748104
90414062.5,-90.61481236871265
90418945.3125,-90.57792764603167
90423828.125,-90.55360041393018
90428710.9375,-90.65937922128813
90433593.75,-90.58038328301586
90438476.5625,-90.6745535192014
90443359.375,-90.49131900734642
90448242.1875,-90.62708965926535
90453125.0,-90.67660983471208
90458007.8125,-90.75016847589484
90462890.625,-90.61174880926518
90467773.4375,-90.50320976445309
90472656.25,-90.60334534046822
90477539.0625,-90.39572061724417
90482421.875,-90.50136070354367
90487304.6875,-90.3854614237701
90492187.5,-90.50633961739842
90497070.3125,-90.51177678889655
90501953.125,-90.48394470869934
90506835.9375,-90.40206614254595
90511718.75,-90.54230373456082
90516601.5625,-90.45228061121367
90521484.375,-90.43612562069126
90526367.1875,-90.36988195230555
90531250.0,-90.33497438008527
90536132.8125,-90.25690052843694
90541015.625,-90.35540849704856
90545898.4375,-90.30853684426953
90550781.25,-90.35992835318086
90555664.0625,-90.27264353867653
90560546.875,-90.30041053249357
90565429.6875,-90.28130990539208
90570312.5,-90.2657120202565
90575195.3125,-90.1435611600348
90580078.125,-90.23676209739494
90584960.9375,-90.09204761411283
90589843.75,-90.2138459149345
90594726.5625,-90.13169388855067
90599609.375,-90.19628955037439
90604492.1875,-90.12800796912774
90609375.0,-90.15044864970696
90614257.8125,-90.24322949874369
90619140.625,-90.19568055477347
90624023.4375,-90.12531449138231
90628906.25,-90.32880791065807
90633789.0625,-90.36491575886015
90638671.875,-90.3824210989452
90643554.6875,-90.40011970618315
90648437.5,-90.34729504012981
90653320.3125,-90.42416536495662
90658203.125,-90.41191501254792
90663085.9375,-90.4191748910728
90667968.75,-90.30461887322116
90672851.5625,-90.47944601943368
90677734.375,-90.42266084357766
90682617.1875,-90.60258805622328
90687500.0,-90.50997833645354
90692382.8125,-90.39957022741328
90697265.625,-90.54223588658414
90702148.4375,-90.41827228703562
90707031.25,-90.52134356842092
90711914.0625,-90.51483066495103
90716796.875,-90.50090124246069
90721679.6875,-90.5724648852601
90726562.5,-90.52272204230027
90731445.3125,-90.49792752475426
90736328.125,-90.44690288548222
90741210.9375,-90.43268427198441
90746093.75,-90.4980737889208
90750976.5625,-90.49620907567152
90755859.375,-90.38060352415775
90760742.1875,-90.54844799271686
90765625.0,-90.52571220496324
90770507.8125,-90.43258762174278
90775390.625,-90.45300073663523
90780273.4375,-90.37817611943436
90785156.25,-90.49363011245765
90790039.0625,-90.34606877655645
90794921.875,-90.45022588565982
90799804.6875,-90.39097619172097
90804687.5,-90.48289590136324
90809570.3125,-90.39684791656941
90814453.125,-90.40307789348384
90819335.9375,-90.24849425970763
90824218.75,-90.45304561051648
90829101.5625,-90.27877948934207
90833984.375,-90.47764336109387
90838867.1875,-90.33140073683964
90843750.0,-90.34734267689095
90848632.8125,-90.45437798149626
90853515.625,-90.4902963637104
90858398.4375,-90.48835532207528
90863281.25,-90.50200658454645
90868164.0625,-90.37657880358623
90873046.875,-90.44633135797659
90877929.6875,-90.38777871324965
90882812.5,-90.4273161854295
90887695.3125,-90.46150663736728
90892578.125,-90.46057883787091
90897460.9375,-90.52078552752397
90902343.75,-90.44570480717576
90907226.5625,-90.51091710846461
90912109.375,-90.56504620292475
90916992.1875,-90.4839780228557
90921875.0,-90.44562674054191
90926757.8125,-90.46900837818515
90931640.625,-90.58963964988718
90936523.4375,-90.54405652192739
90941406.25,-90.59090537926056
90946289.0625,-90.5546555913279
90951171.875,-90.63681579010176
90956054.6875,-90.53063850141899
90960937.5,-90.65544364046102
90965820.3125,-90.58882009371368
90970703.125,-90.52379507533539
90975585.9375,-90.65242133597428
90980468.75,-90.63881366899278
90985351.5625,-90.80357912899188
90990234.375,-90.70757344793608
90995117.1875,-90.68326590383683
91000000.0,-90.6306374680999
91004882.8125,-90.5526376881277
91009765.625,-90.72422476935628
91014648.4375,-90.69416016441653
91019531.25,-90.72618712885082
91024414.0625,-90.48783891844349
91029296.875,-90.7482875225648
91034179.6875,-90.7257313170154
91039062.5,-90.54818080554097
91043945.3125,-90.56476298487598
91048828.125,-90.64236898144412
91053710.9375,-90.59019370216868
91058593.75,-90.65523719235094
91063476.5625,-90.67706196900227
91068359.375,-90.53029157474313
91073242.1875,-90.53535876390657
91078125.0,-90.64446510709038
91083007.8125,-90.6376612203442
91087890.625,-90.46433971134297
91092773.4375,-90.58509049155464
91097656.25,-90.4391389707879
91102539.0625,-90.54914009044086
91107421.875,-90.53765552585358
91112304.6875,-90.42531632524299
91117187.5,-90.53592035951456
91122070.3125,-90.53277641136208
91126953.125,-90.55421886817882
91131835.9375,-90.35927888338983
91136718.75,-90.3760374277546
91141601.5625,-90.44925144467058
91146484.375,-90.50289121204753
91151367.1875,-90.49263447969605
91156250.0,-90.44285927183728
91161132.8125,-90.56540615300628
91166015.625,-90.49834043040701
91170898.4375,-90.54342525409479
91175781.25,-90.55121495686373
91180664.0625,-90.51208349650591
91185546.875,-90.59388263289173
91190429.6875,-90.39963109021227
91195312.5,-90.48438512737332
91200195.3125,-90.42112593523524
91205078.125,-90.39634620134092
91209960.9375,-90.52964264786141
91214843.75,-90.50652136560055
91219726.5625,-90.56699278623137
91224609.375,-90.43259804993306
91229492.1875,-90.45017986344794
91234375.0,-90.50637265374823
91239257.8125,-90.56195693235208
91244140.625,-90.42288292583066
91249023.4375,-90.52300320169451
91253906.25,-90.45706615698558
91258789.0625,-90.56373619907328
91263671.875,-90.37947854227417
91268554.6875,-90.31624965682889
91273437.5,-90.43407285543512
91278320.3125,-90.49070689629187
91283203.125,-90.3579723674761
91288085.9375,-90.35383520535706
91292968.75,-90.33277473695398
91297851.5625,-90.3796664797888
91302734.375,-90.32845462318699
91307617.1875,-90.3326235630833
91312500.0,-90.41162870667836
91317382.8125,-90.2842287411159
91322265.625,-90.13297037198191
91327148.4375,-90.09445030058089
91332031.25,-90.03397041802876
91336914.0625,-89.92926500526448
91341796.875,-90.02069819482136
91346679.6875,-89.94367071963813
91351562.5,-89.83515547602056
91356445.3125,-89.88101521531274
91361328.125,-89.87547570896513
91366210.9375,-89.90878530609803
91371093.75,-89.87084287749289
91375976.5625,-89.79752105595935
91380859.375,-89.71566356749156
91385742.1875,-89.65722997236651
91390625.0,-89.75249927917125
91395507.8125,-89.7642356423029
91400390.625,-89.73600372764625
91405273.4375,-89.60803984452176
91410156.25,-89.79532807569262
91415039.0625,-89.69155037228322
91419921.875,-89.84999677734098
91424804.6875,-89.94144593103354
91429687.5,-89.77824028136146
91434570.3125,-89.8653152875479
91439453.125,-89.96848170325984
91444335.9375,-89.84916091312601
91449218.75,-89.99817438838843
91454101.5625,-90.08879650463501
91458984.375,-90.13488216560202
91463867.1875,-90.18109595137147
91468750.0,-90.23807372963097
91473632.8125,-90.29233862582535
91478515.625,-90.34842942237165
91483398.4375,-90.33051117906348
91488281.25,-90.41221700966523
91493164.0625,-90.33437970082497
91498046.875,-90.61504236239278
91502929.6875,-90.41732778203342
91507812.5,-90.450530476321
91512695.3125,-90.52477892416692
91517578.125,-90.5218500881308
91522460.9375,-90.63819982643895
91527343.75,-90.58641570993399
91532226.5625,-90.67346750119333
91537109.375,-90.5991561704491
91541992.1875,-90.64914769971676
91546875.0,-90.54151550141725
91551757.8125,-90.62008239608417
91556640.625,-90.59211101942526
91561523.4375,-90.73026629965125
91566406.25,-90.63800350513696
91571289.0625,-90.5661669547683
91576171.875,-90.58383865965763
91581054.6875,-90.63182378604938
91585937.5,-90.64916002339592
91590820.3125,-90.34743100353208
91595703.125,-90.31127355515832
91600585.9375,-90.13282838020001
91605468.75,-89.71989138745184
91610351.5625,-88.97151886392416
91615234.375,-88.40114184872053
91620117.1875,-87.81641133083593
91625000.0,-87.12777476123972
91629882.8125,-86.58318125602295
91634765.625,-86.34719375637795
91639648.4375,-86.61627227720939
91644531.25,-87.10556790603988
91649414.0625,-87.69494202217163
91654296.875,-87.8380898336157
91659179.6875,-87.94037072488041
91664062.5,-88.19706738316856
91668945.3125,-88.9678070092086
91673828.125,-88.9243296939907
91678710.9375,-88.25426317770928
91683593.75,-87.56168672927555
91688476.5625,-86.9327905879548
91693359.375,-86.74878094731929
91698242.1875,-86.3295876208465
91703125.0,-85.9983486469093
91708007.8125,-85.65132913083244
91712890.625,-85.88806192560577
91717773.4375,-86.3520886075926
91722656.25,-87.64574902753299
91727539.0625,-88.87929265200236
91732421.875,-89.64271835150805
91737304.6875,-89.76166789651103
91742187.5,-89.67531034101125
91747070.3125,-89.83107072784637
91751953.125,-89.97033600191034
91756835.9375,-90.05255639343122
91761718.75,-89.7248489045551
91766601.5625,-89.44992789170311
91771484.375,-89.43116739699184
91776367.1875,-89.61528931889464
91781250.0,-89.95477484716378
91786132.8125,-90.22680737153092
91791015.625,-90.36721730504891
91795898.4375,-90.4775925757767
91800781.25,-90.44367065487307
91805664.0625,-90.57138785488368
91810546.875,-90.60281981313696
91815429.6875,-90.5806907627288
91820312.5,-90.51191285197464
91825195.3125,-90.62178766011112
91830078.125,-90.63881725461107
91834960.9375,-90.72619336114423
91839843.75,-90.6449815886267
91844726.5625,-90.70982853346851
91849609.375,-90.72217933984089
91854492.1875,-90.6380270117127
91859375.0,-90.67825487087069
91864257.8125,-90.62412192906845
91869140.625,-90.77438815884119
91874023.4375,-90.55235709262212
91878906.25,-90.61672569228247
91883789.0625,-90.56237389666967
91888671.875,-90.58196920783377
91893554.6875,-90.64735524549064
91898437.5,-90.48675578788027
91903320.3125,-90.31427063194894
91908203.125,-90.31644436582457
91913085.9375,-90.17893093687957
91917968.75,-90.047984664648
91922851.5625,-89.89570189094269
91927734.375,-89.83179505077442
91932617.1875,-89.66023189079209
91937500.0,-89.44990345469415
91942382.8125,-89.328910841001
91947265.625,-89.37334862133216
91952148.4375,-89.08983494464832
91957031.25,-88.97803935603898
91961914.0625,-88.69238121125329
91966796.875,-88.73312159269238
91971679.6875,-88.5519897277967
91976562.5,-88.17429057145742
91981445.3125,-88.0783957258036
91986328.125,-87.96513729674098
91991210.9375,-87.8683954928531
91996093.75,-87.80945316030491
92000976.5625,-87.20660935572005
92005859.375,-87.70541848288565
92010742.1875,-87.79843390453271
92015625.0,-88.10534369928152
92020507.8125,-88.2154456234112
92025390.625,-88.45785766031804
92030273.4375,-88.47905370074454
92035156.25,-88.6139464548705
92040039.0625,-88.79614724758079
92044921.875,-88.9274427522368
92049804.6875,-89.0775505242031
92054687.5,-89.32471055379543
92059570.3125,-89.32449128431486
92064453.125,-89.54622540186463
92069335.9375,-89.68987647005736
92074218.75,-89.92343110165874
92079101.5625,-89.98931305424082
92083984.375,-90.10387758137261
92088867.1875,-90.07042004361838
92093750.0,-90.2544969205806
92098632.8125,-90.28676544592852
92103515.625,-90.3978488057887
92108398.4375,-90.36344735285269
92113281.25,-90.50037307635975
92118164.0625,-90.56359565252146
92123046.875,-90.65214913876918
92127929.6875,-90.62387382392694
92132812.5,-90.62679422250369
92137695.3125,-90.61112897590303
92142578.125,-90.7689945629935
92147460.9375,-90.63725342593418
92152343.75,-90.68750337211927
92157226.5625,-90.77869849464238
92162109.375,-90.75018122675166
92166992.1875,-90.77083667538426
92171875.0,-90.72459595972114
92176757.8125,-90.81647372238768
92181640.625,-90.8222028189345
92186523.4375,-90.66942846908756
92191406.25,-90.65183074572951
92196289.0625,-90.62994110389877
92201171.875,-90.77418965090999
92206054.6875,-90.59069564446213
92210937.5,-90.64015102063354
92215820.3125,-90.56843764085019
92220703.125,-90.7284409131608
92225585.9375,-90.59478012692387
92230468.75,-90.58028618906158
92235351.5625,-90.67116219984104
92240234.375,-90.56358879931199
92245117.1875,-90.52499747072937
92250000.0,-90.12300305909525
92254882.8125,-90.30550884431986
92259765.625,-90.24142152550303
92264648.4375,-90.17608430526292
92269531.25,-89.97657818218872
92274414.0625,-90.07201503996274
92279296.875,-89.95802068151366
92284179.6875,-89.84109606927663
92289062.5,-89.81249662210445
92293945.3125,-89.7739242005826
92298828.125,-89.90265229812249
92303710.9375,-89.89621571193868
92308593.75,-90.00515711903606
92313476.5625,-89.983073901039
92318359.375,-90.06038521825948
92323242.1875,-90.2266849419292
92328125.0,-90.14395734478884
92333007.8125,-90.32908475528146
92337890.625,-90.51579394743496
92342773.4375,-90.48297424925198
92347656.25,-90.58575358634948
92352539.0625,-90.37015080604567
92357421.875,-90.49080526501402
92362304.6875,-90.60907283364367
92367187.5,-90.68451185739488
92372070.3125,-90.49807700481091
92376953.125,-90.4863678444892
92381835.9375,-90.59478891022292
92386718.75,-90.70835949059486
92391601.5625,-90.66572911973532
92396484.375,-90.6093564558133
92401367.1875,-90.72245799197273
92406250.0,-90.70474764522123
92411132.8125,-90.69666549745358
92416015.625,-90.6236593507598
92420898.4375,-90.54548269619897
92425781.25,-90.64857922860034
92430664.0625,-90.5982059586567
92435546.875,-90.75570342874346
92440429.6875,-90.54710526437705
92445312.5,-90.59813006654952
92450195.3125,-90.7500112286076
92455078.125,-90.64673881872898
92459960.9375,-90.58258295095828
92464843.75,-90.63812996247142
92469726.5625,-90.61919142103608
92474609.375,-90.65066622006088
92479492.1875,-90.59969499480135
92484375.0,-90.75315376885573
92489257.8125,-90.65520615768699
92494140.625,-90.49933228112548
92499023.4375,-90.52225351316875
92503906.25,-90.5877569070555
92508789.0625,-90.52745739702661
92513671.875,-90.53114472308803
92518554.6875,-90.54859089069191
92523437.5,-90.50049266927385
92528320.3125,-90.3512091402915
92533203.125,-90.38029407696976
92538085.9375,-90.36479711507766
92542968.75,-90.3014171142579
92547851.5625,-90.21231962591361
92552734.375,-90.23053455425054
92557617.1875,-90.08426757363958
92562500.0,-90.06027410225093
92567382.8125,-89.90165925005729
92572265.625,-89.80299247213912
92577148.4375,-89.60050070991895
92582031.25,-89.61845041790158
92586914.0625,-89.3849079221882
92591796.875,-89.41616646951712
92596679.6875,-89.39010871139769
92601562.5,-89.45545229010892
92606445.3125,-89.49349756424016
92611328.125,-89.77362331843753
92616210.9375,-89.76559372413962
92621093.75,-89.78359872396751
92625976.5625,-89.85937402029089
92630859.375,-89.93718968509233
92635742.1875,-89.86827654246261
92640625.0,-90.00902961534706
92645507.8125,-90.16062681612092
92650390.625,-90.20310195662938
92655273.4375,-90.1897919841141
92660156.25,-90.33868124316405
92665039.0625,-90.28871004565428
92669921.875,-90.41944682915067
92674804.6875,-90.15826418322266
92679687.5,-90.24794279878597
92684570.3125,-90.22586959549781
92689453.125,-90.25009555600477
92694335.9375,-90.12320530298621
92699218.75,-90.18003362325348
92704101.5625,-90.22190325460554
92708984.375,-90.27406883947287
92713867.1875,-90.40690775593941
92718750.0,-90.46148330162683
92723632.8125,-90.37121032515125
92728515.625,-90.34974399059271
92733398.4375,-90.47564501573027
92738281.25,-90.36768123927817
92743164.0625,-90.55192223353635
92748046.875,-90.44410717373265
92752929.6875,-90.42162998137434
92757812.5,-90.42259764160355
92762695.3125,-90.5068436201675
92767578.125,-90.46070336597242
92772460.9375,-90.52425523704119
92777343.75,-90.49143111378692
92782226.5625,-90.4858450234735
92787109.375,-90.40210744755308
92791992.1875,-90.47077015676481
92796875.0,-90.3965256239878
92801757.8125,-90.45052064233289
92806640.625,-90.40963691009372
92811523.4375,-90.44980163785661
92816406.25,-90.39941108410613
92821289.0625,-90.50808400377048
92826171.875,-90.44746558331087
92831054.6875,-90.41969974318957
92835937.5,-90.46097402489096
92840820.3125,-90.43999166394946
92845703.125,-90.40092427788875
92850585.9375,-90.48746576238872
92855468.75,-90.51258388076326
92860351.5625,-90.36796909839822
92865234.375,-90.26610268507235
92870117.1875,-90.35902647216247
92875000.0,-90.3447529090362
92879882.8125,-90.39767715221791
92884765.625,-90.38004803842188
92889648.4375,-90.38987670151448
92894531.25,-90.44919586206936
92899414.0625,-90.4771300757466
92904296.875,-90.51543087209916
92909179.6875,-90.56407764465388
92914062.5,-90.42449148705668
92918945.3125,-90.4233448484294
92923828.125,-90.47877551214458
92928710.9375,-90.46253785621354
92933593.75,-90.4486178581401
92938476.5625,-90.55738954795862
92943359.375,-90.5224074005298
92948242.1875,-90.60680210003969
92953125.0,-90.49497527334515
92958007.8125,-90.48211769864633
92962890.625,-90.60779112701124
92967773.4375,-90.56020288435943
92972656.25,-90.52072655146443
92977539.0625,-90.54714963987618
92982421.875,-90.59897843655773
92987304.6875,-90.62852945287193
92992187.5,-90.49476638326081
92997070.3125,-90.64762681187207
93001953.125,-90.49331440542568
93006835.9375,-90.56153540216724
93011718.75,-90.642292135812
93016601.5625,-90.55176093489311
93021484.375,-90.54376076702872
93026367.1875,-90.53381036119626
93031250.0,-90.52592173200253
93036132.8125,-90.65550416911537
93041015.625,-90.63971078923402
93045898.4375,-90.49862697757035
93050781.25,-90.56365403110965
93055664.0625,-90.63107618071126
93060546.875,-90.61039508273939
93065429.6875,-90.62203228385431
93070312.5,-90.71601029337427
93075195.3125,-90.60494560097789
93080078.125,-90.61829027309938
93084960.9375,-90.65349289453334
93089843.75,-90.53918581004223
93094726.5625,-90.54185490892715
93099609.375,-90.52578379693026
93104492.1875,-90.59966663302694
93109375.0,-90.47525570214543
93114257.8125,-90.43142366780467
93119140.625,-90.46129920439432
93124023.4375,-90.45454189553678
93128906.25,-90.56799063738697
93133789.0625,-90.43625842285371
93138671.875,-90.58842834391126
93143554.6875,-90.5731852298592
93148437.5,-90.48414292427285
93153320.3125,-90.47084431476287
93158203.125,-90.36388620932877
93163085.9375,-90.4592980741703
93167968.75,-90.49782483702307
93172851.5625,-90.33970828237563
93177734.375,-90.44121991239538
93182617.1875,-90.51625021017341
93187500.0,-90.52739519567828
93192382.8125,-90.46011282208613
93197265.625,-90.4258886567032
93202148.4375,-90.389625993143
93207031.25,-90.51352250568874
93211914.0625,-90.36561257842439
93216796.875,-90.39526320061705
93221679.6875,-90.53000780864684
93226562.5,-90.39665240701135
93231445.3125,-90.40489588697537
93236328.125,-90.44758589313568
93241210.9375,-90.54691455844139
93246093.75,-90.48347978452495
93250976.5625,-90.38682783296713
93255859.375,-90.54349191974222
93260742.1875,-90.5525704857686
93265625.0,-90.51751471645312
93270507.8125,-90.52703506171724
93275390.625,-90.43780731462007
93280273.4375,-90.47928630091428
93285156.25,-90.50287509748964
93290039.0625,-90.51965527523703
93294921.875,-90.56250690652351
93299804.6875,-90.54194470936247
93304687.5,-90.49586413537423
93309570.3125,-90.4382795558634
93314453.125,-90.44991429783184
93319335.9375,-90.42759746310415
93324218.75,-90.31512367646661
93329101.5625,-90.31648906607381
93333984.375,-90.29760296585613
93338867.1875,-90.36235976993513
93343750.0,-90.38355243234457
93348632.8125,-90.28802857652056
93353515.625,-90.24527165622024
93358398.4375,-90.17990478882942
93363281.25,-90.29509452434837
93368164.0625,-90.37124693651356
93373046.875,-90.28085974800956
93377929.6875,-90.06577019748863
93382812.5,-90.15746279778489
93387695.3125,-90.21452019556659
93392578.125,-90.06416479880795
93397460.9375,-90.07735909534998
93402343.75,-89.97192440295589
93407226.5625,-89.9869741684061
93412109.375,-90.0026980979602
93416992.1875,-90.22340888602281
93421875.0,-89.94849953998187
93426757.8125,-90.13342703642917
93431640.625,-90.04345259517027
93436523.4375,-90.06269260086677
93441406.25,-90.16494734354865
93446289.0625,-90.16307370537493
93451171.875,-90.07256248560608
93456054.6875,-90.0105196608555
93460937.5,-90.13401340355983
93465820.3125,-90.1284682083955
93470703.125,-90.08813037103761
93475585.9375,-90.19632033608877
93480468.75,-90.36093482597735
93485351.5625,-90.29701990054409
93490234.375,-90.16096168742382
93495117.1875,-90.22261477645094
93500000.0,-90.29228590397094
93504882.8125,-90.19009850806236
93509765.625,-90.28346066831332
93514648.4375,-90.39216965677741
93519531.25,-90.40170512993842
93524414.0625,-90.2767947898572
93529296.875,-90.43931923884168
93534179.6875,-90.52533411819576
93539062.5,-90.52691333420236
93543945.3125,-90.65696750782075
93548828.125,-90.52449621802361
93553710.9375,-90.5514764253056
93558593.75,-90.54861718185234
93563476.5625,-90.51776332709761
93568359.375,-90.5147367630882
93573242.1875,-90.50237453627261
93578125.0,-90.59329660685665
93583007.8125,-90.57699344384224
93587890.625,-90.58723361568795
93592773.4375,-90.67968663424932
93597656.25,-90.61099646449503
93602539.0625,-90.50418983980498
93607421.875,-90.61801980247671
93612304.6875,-90.59484614050146
93617187.5,-90.54766802723225
93622070.3125,-90.48488379761028
93626953.125,-90.47253129658063
93631835.9375,-90.49448200943746
93636718.75,-90.4879627795728
93641601.5625,-90.44519702252734
93646484.375,-90.47893314642911
93651367.1875,-90.38895711332361
93656250.0,-90.43224209014781
93661132.8125,-90.32333446540858
93666015.625,-90.41027796215872
93670898.4375,-90.3169433112364
93675781.25,-90.34875728863787
93680664.0625,-90.41676906598548
93685546.875,-90.4971128593672
93690429.6875,-90.35337501054423
93695312.5,-90.36657138811597
93700195.3125,-90.4692342473526
93705078.125,-90.1768460277352
93709960.9375,-90.29647700777798
93714843.75,-90.3216683063053
93719726.5625,-90.36468132271528
93724609.375,-90.33707930092623
93729492.1875,-90.42494897828016
93734375.0,-90.29933246589098
93739257.8125,-90.4127687977145
93744140.625,-90.36630219961322
93749023.4375,-90.47832584925584
93753906.25,-90.51645567817775
93758789.0625,-90.4154222242403
93763671.875,-90.51020643732679
93768554.6875,-90.61276232826438
93773437.5,-90.61667162816764
93778320.3125,-90.5829953442468
93783203.125,-90.68082307935126
93788085.9375,-90.56535200560617
93792968.75,-90.680056800687
93797851.5625,-90.63494335348545
93802734.375,-90.59764813851572
93807617.1875,-90.62697871419647
93812500.0,-90.61613922302797
93817382.8125,-90.64573464848505
93822265.625,-90.6990299563939
93827148.4375,-90.53301525825563
93832031.25,-90.76649973789648
93836914.0625,-90.71946724990653
93841796.875,-90.56605200064641
93846679.6875,-90.52066347051709
93851562.5,-90.66266178151989
93856445.3125,-90.60164585055253
93861328.125,-90.6359762596552
93866210.9375,-90.67046020646796
93871093.75,-90.5788495930949
93875976.5625,-90.61685790120956
93880859.375,-90.70758341331702
93885742.1875,-90.47130589195524
93890625.0,-90.68349428120183
93895507.8125,-90.59529772813804
93900390.625,-90.45607506430974
93905273.4375,-90.52421950763585
93910156.25,-90.47836238297839
93915039.0625,-90.42158556305839
93919921.875,-90.40541815767779
93924804.6875,-90.32621769426461
93929687.5,-90.33896398324072
93934570.3125,-90.28447193359415
93939453.125,-90.2456025872329
93944335.9375,-90.29541924117021
93949218.75,-90.22332271235797
93954101.5625,-90.144880350128
93958984.375,-90.06043761769729
93963867.1875,-90.14785833824715
93968750.0,-89.96572910815036
93973632.8125,-89.80381213663674
93978515.625,-89.77403456093728
93983398.4375,-89.7269570179221
93988281.25,-89.7399308406919
93993164.0625,-89.79518396234059
93998046.875,-89.72938654797414
94002929.6875,-89.78363626654249
94007812.5,-89.77656551422325
94012695.3125,-89.78356832650493
94017578.125,-89.82125747358475
94022460.9375,-89.87844623049571
94027343.75,-89.83968243085468
94032226.5625,-89.8774784124495
94037109.375,-90.02873265023254
94041992.1875,-90.06035497488978
94046875.0,-90.0544046368363
94051757.8125,-90.1386030434098
94056640.625,-90.2787386757997
94061523.4375,-90.27477951002345
94066406.25,-90.47409654327714
94071289.0625,-90.33450941907549
94076171.875,-90.24640187568906
94081054.6875,-90.38397698033532
94085937.5,-90.46138350240366
94090820.3125,-90.50092068048275
94095703.125,-90.52857568117673
94100585.9375,-90.57183725398309
94105468.75,-90.53973159547428
94110351.5625,-90.52987217764408
94115234.375,-90.67810053955196
94120117.1875,-90.64977661367084
94125000.0,-90.56204097228283
94129882.8125,-90.65052070853707
94134765.625,-90.58765948699397
94139648.4375,-90.78063795261042
94144531.25,-90.52540961589196
94149414.0625,-90.69003597226228
94154296.875,-90.75088512259794
94159179.6875,-90.73040155397382
94164062.5,-90.71271491525113
94168945.3125,-90.65871605716632
94173828.125,-90.76646370416165
94178710.9375,-90.74077901023446
94183593.75,-90.69896181453848
94188476.5625,-90.72591534080604
94193359.375,-90.64398443823885
94198242.1875,-90.69697728332352
94203125.0,-90.613679963695
94208007.8125,-90.63235960851364
94212890.625,-90.70538010310551
94217773.4375,-90.60555306600958
94222656.25,-90.66230300815877
94227539.0625,-90.7261842991206
94232421.875,-90.67197606721302
94237304.6875,-90.58472489779527
94242187.5,-90.57116375259491
94247070.3125,-90.69056183974422
94251953.125,-90.64014741298945
94256835.9375,-90.73493337399736
94261718.75,-90.64560741347555
94266601.5625,-90.61990735445417
94271484.375,-90.66985331301336
94276367.1875,-90.6178203995751
94281250.0,-90.5295575709194
94286132.8125,-90.65343540125099
94291015.625,-90.71577830372837
94295898.4375,-90.64325689540246
94300781.25,-90.68831919575598
94305664.0625,-90.73603258016604
94310546.875,-90.70956456037553
94315429.6875,-90.72230917108274
94320312.5,-90.66946143279833
94325195.3125,-90.611024232794
94330078.125,-90.67449204207082
94334960.9375,-90.59744259164202
94339843.75,-90.7397175184002
94344726.5625,-90.61811927096849
94349609.375,-90.77740793609817
94354492.1875,-90.71054945304576
94359375.0,-90.7417829094268
94364257.8125,-90.83253106832666
94369140.625,-90.73504112651659
94374023.4375,-90.68580515254428
94378906.25,-90.9061064789409
94383789.0625,-90.95543717061278
94388671.875,-90.80272176748457
94393554.6875,-90.74489804627066
94398437.5,-90.79553590115736
94403320.3125,-90.71198245313906
94408203.125,-90.71012727630429
94413085.9375,-90.71345476253546
94417968.75,-90.64984466508508
94422851.5625,-90.74014729687437
94427734.375,-90.57960993558953
94432617.1875,-90.73830026940269
94437500.0,-90.69443029117951
94442382.8125,-90.61754159086465
94447265.625,-90.71358465337639
94452148.4375,-90.60983957159277
94457031.25,-90.60340956992704
94461914.0625,-90.68615302813632
94466796.875,-90.68947488455751
94471679.6875,-90.61995496189707
94476562.5,-90.57283385792357
94481445.3125,-90.51669139780739
94486328.125,-90.5624035074419
94491210.9375,-90.50326755228673
94496093.75,-90.50375299407168
94500976.5625,-90.47985180236918
94505859.375,-90.53514751650013
94510742.1875,-90.28066387806643
94515625.0,-90.3489266313565
94520507.8125,-90.36510003998418
94525390.625,-90.20599551944406
94530273.4375,-90.28691840457876
94535156.25,-90.40314418923279
94540039.0625,-90.26633553220921
94544921.875,-90.33473556725889
94549804.6875,-90.27070352509301
94554687.5,-90.2073076175034
94559570.3125,-90.36877237583104
94564453.125,-90.21077478380957
94569335.9375,-90.29850178387773
94574218.75,-90.21482257440775
94579101.5625,-90.24961869610595
94583984.375,-90.25205242228154
94588867.1875,-90.24204464267751
94593750.0,-90.31626785089728
94598632.8125,-90.19984448768136
94603515.625,-90.2116174582809
94608398.4375,-90.27198846614439
94613281.25,-90.24329749615694
94618164.0625,-90.27658937638509
94623046.875,-90.25410994727454
94627929.6875,-90.364627774339
94632812.5,-90.4342232639834
94637695.3125,-90.31353490732658
94642578.125,-90.3894112454714
94647460.9375,-90.42982023763315
94652343.75,-90.38927266830999
94657226.5625,-90.42827564512245
94662109.375,-90.39235654276538
94666992.1875,-90.5640538030733
94671875.0,-90.42611682578644
94676757.8125,-90.52094086318851
94681640.625,-90.52464078981362
94686523.4375,-90.62756796115468
94691406.25,-90.42357151788485
94696289.0625,-90.57841475370441
94701171.875,-90.6234619093355
94706054.6875,-90.5605988430649
94710937.5,-90.62705347744338
94715820.3125,-90.45217632131528
94720703.125,-90.51258050127433
94725585.9375,-90.52747997160608
94730468.75,-90.4786166590014
94735351.5625,-90.5826282825341
94740234.375,-90.52142432333932
94745117.1875,-90.48830089434719
94750000.0,-90.55778147796443
94754882.8125,-90.50959314594974
94759765.625,-90.45879435483275
94764648.4375,-90.52950766715617
94769531.25,-90.4896818585818
94774414.0625,-90.41042946525539
94779296.875,-90.39653644137866
94784179.6875,-90.41923662661395
94789062.5,-90.45316386682825
94793945.3125,-90.42604001525098
94798828.125,-90.4878137705268
94803710.9375,-90.34938834906328
94808593.75,-90.39701261865102
94813476.5625,-90.42883111341152
94818359.375,-90.44180297799636
94823242.1875,-90.52768261115847
94828125.0,-90.30359735726702
94833007.8125,-90.41663370188633
94837890.625,-90.41493269039344
94842773.4375,-90.52150390994638
94847656.25,-90.4938466261606
94852539.0625,-90.48868170302293
94857421.875,-90.41668125672297
94862304.6875,-90.58456797456128
94867187.5,-90.56207253867399
94872070.3125,-90.36879595801
94876953.125,-90.46802667257992
94881835.9375,-90.58912011436942
94886718.75,-90.45586250289301
94891601.5625,-90.4774481452589
94896484.375,-90.5682053095712
94901367.1875,-90.47107123397296
94906250.0,-90.56359508810331
94911132.8125,-90.60547338419397
94916015.625,-90.4929196003028
94920898.4375,-90.58074067671461
94925781.25,-90.51237019043577
94930664.0625,-90.5986259233934
94935546.875,-90.63860688065762
94940429.6875,-90.66243355831799
94945312.5,-90.64036222019465
94950195.3125,-90.67960379980627
94955078.125,-90.66529841535984
94959960.9375,-90.79184177179508
94964843.75,-90.66699518679391
94969726.5625,-90.74553252454984
94974609.375,-90.68481666030118
94979492.1875,-90.64748496297125
94984375.0,-90.71199922140005
94989257.8125,-90.69638765574632
94994140.625,-90.819576522365
94999023.4375,-90.72103499080484
95003906.25,-90.6997653551328
95008789.0625,-90.72728330132952
95013671.875,-90.67817479503753
95018554.6875,-90.74691291564702
95023437.5,-90.7359356548763
95028320.3125,-90.63279069751971
95033203.125,-90.55122340605581
95038085.9375,-90.59544458320889
95042968.75,-90.44562584364249
95047851.5625,-90.07317355801032
95052734.375,-89.69987244286918
95057617.1875,-89.2863029099035
95062500.0,-89.0190887197796
95067382.8125,-88.94700634015632
95072265.625,-88.52278657344814
95077148.4375,-87.88830522376276
95082031.25,-87.90159300678874
95086914.0625,-87.84971991896975
95091796.875,-86.79408207473568
95096679.6875,-85.39746573305302
95101562.5,-85.08294699576345
95106445.3125,-86.85754098994215
95111328.125,-88.42893549904252
95116210.9375,-88.53688942634423
95121093.75,-88.24714689295234
95125976.5625,-87.8383894789466
95130859.375,-87.39274688861764
95135742.1875,-87.27382876173141
95140625.0,-86.89814269015963
95145507.8125,-87.23593091555583
95150390.625,-87.70852423593053
95155273.4375,-88.00958560539272
95160156.25,-88.46802668097612
95165039.0625,-89.39058865808991
95169921.875,-89.84621764345698
95174804.6875,-90.31877795559006
95179687.5,-90.32686252911304
95184570.3125,-90.37663537903347
95189453.125,-90.61840363145893
95194335.9375,-90.57465894919636
95199218.75,-90.52896144583951
95204101.5625,-90.58665722520703
95208984.375,-90.51214345638036
95213867.1875,-90.52221436569403
95218750.0,-90.51913265892654
95223632.8125,-90.4820925827317
95228515.625,-90.53257491755855
95233398.4375,-90.51016230025854
95238281.25,-90.50063727234371
95243164.0625,-90.61803224336907
95248046.875,-90.70330711161705
95252929.6875,-90.56039921931492
95257812.5,-90.64767733918157
95262695.3125,-90.56003189980976
95267578.125,-90.55351042031526
95272460.9375,-90.52844130515376
95277343.75,-90.44851304531386
95282226.5625,-90.67034403727985
95287109.375,-90.59344657596964
95291992.1875,-90.42090108757913
95296875.0,-90.60429554389717
95301757.8125,-90.51200446851792
95306640.625,-90.54819130352158
95311523.4375,-90.40060923180891
95316406.25,-90.45642101543936
95321289.0625,-90.49588360124943
95326171.875,-90.44930787377203
95331054.6875,-90.3697701226805
95335937.5,-90.26363660903786
95340820.3125,-90.35998984899169
95345703.125,-90.33556480753268
95350585.9375,-90.176116352896
95355468.75,-90.31666288172153
95360351.5625,-90.21404552812189
95365234.375,-90.17023828695136
95370117.1875,-90.09667812524097
95375000.0,-90.14430605233517
95379882.8125,-90.14678330962906
95384765.625,-90.13831106820734
95389648.4375,-90.02994310994245
95394531.25,-90.03769331646814
95399414.0625,-89.89018548785879
95404296.875,-89.89114056457618
95409179.6875,-90.0093869191918
95414062.5,-89.95619849378102
95418945.3125,-89.99930484208295
95423828.125,-90.00603087479547
95428710.9375,-89.9808354462725
95433593.75,-90.04740193795291
95438476.5625,-90.14293281231397
95443359.375,-90.15479543565138
95448242.1875,-90.29634351033201
95453125.0,-90.1489646978282
95458007.8125,-90.3614474592201
95462890.625,-90.42310969732196
95467773.4375,-90.33295269932864
95472656.25,-90.38019257953235
95477539.0625,-90.46195263393042
95482421.875,-90.41653911974765
95487304.6875,-90.25378096762844
95492187.5,-90.39979464806481
95497070.3125,-90.43965611698869
95501953.125,-90.49314496378577
95506835.9375,-90.46462660636195
95511718.75,-90.54717624202925
95516601.5625,-90.44071140665227
95521484.375,-90.59677078979522
95526367.1875,-90.50296939075747
95531250.0,-90.57286342292741
95536132.8125,-90.5710925903563
95541015.625,-90.5541084525388
95545898.4375,-90.43908334994288
95550781.25,-90.58526937207978
95555664.0625,-90.52427358395946
95560546.875,-90.48219629133862
95565429.6875,-90.4303013177963
95570312.5,-90.46788057533061
95575195.3125,-90.60264584268646
95580078.125,-90.56727654119302
95584960.9375,-90.5257408281663
95589843.75,-90.54673539825868
95594726.5625,-90.40524805068733
95599609.375,-90.45929691107145
95604492.1875,-90.30628911780352
95609375.0,-90.20992441767521
95614257.8125,-90.00244825650861
95619140.625,-89.95246393189029
95624023.4375,-89.45630936535133
95628906.25,-87.30263483991786
95633789.0625,-84.53644893295805
95638671.875,-83.91240897301282
95643554.6875,-83.37131599294327
95648437.5,-82.73220354106536
95653320.3125,-81.77153094770429
95658203.125,-80.41578986937634
95663085.9375,-79.33933500813217
95667968.75,-77.73009226248766
95672851.5625,-77.77822115338205
95677734.375,-77.03391934209537
95682617.1875,-76.41343023293297
95687500.0,-76.66027823200201
95692382.8125,-74.70244994403785
95697265.625,-70.43041263274839
95702148.4375,-68.53651843437706
95707031.25,-71.890188219724
95711914.0625,-74.06411877590853
95716796.875,-75.91477384133441
95721679.6875,-76.93880956462283
95726562.5,-78.30534297268753
95731445.3125,-79.37224873531622
95736328.125,-80.86873766510138
95741210.9375,-81.87190261859621
95746093.75,-83.64138363879175
95750976.5625,-84.65711563167966
95755859.375,-86.11181539553587
95760742.1875,-87.25441083794283
95765625.0,-88.02555480841394
95770507.8125,-87.35357743036889
95775390.625,-89.69196607194621
95780273.4375,-90.07131961173567
95785156.25,-90.15661597171555
95790039.0625,-90.14676182966775
95794921.875,-90.1943616153759
95799804.6875,-90.24245647932037
95804687.5,-90.26034523096516
95809570.3125,-90.27752979044487
95814453.125,-90.25576297597473
95819335.9375,-90.39485127251288
95824218.75,-90.43994566363898
95829101.5625,-90.47181640107323
95833984.375,-90.52915805881992
95838867.1875,-90.46859486544798
95843750.0,-90.49549521436398
95848632.8125,-90.52916543738041
95853515.625,-90.50815830916278
95858398.4375,-90.60433059902772
95863281.25,-90.45472131364764
95868164.0625,-90.48411359617472
95873046.875,-90.43837549083125
95877929.6875,-90.41882276635107
95882812.5,-90.33420271251279
95887695.3125,-90.44255280168682
95892578.125,-90.356364999499
95897460.9375,-90.29567486483043
95902343.75,-90.31390803525613
95907226.5625,-90.24014808040843
95912109.375,-90.25925618828339
95916992.1875,-90.29223264884988
95921875.0,-90.18241292831422
95926757.8125,-90.0574716033772
95931640.625,-90.29119521215034
95936523.4375,-90.15542845607246
95941406.25,-90.11158191087495
95946289.0625,-90.11486904357685
95951171.875,-89.97980281215598
95956054.6875,-89.91166484539468
95960937.5,-89.84673671904827
95965820.3125,-89.73398299217001
95970703.125,-89.53676657897051
95975585.9375,-89.45929863670176
95980468.75,-89.20638108249275
95985351.5625,-89.09061649636519
95990234.375,-88.79446796680338
95995117.1875,-87.36744722983724
96000000.0,-35.560943568387124
96004882.8125,-87.2673492372464
96009765.625,-88.68424919246922
96014648.4375,-89.03547671885596
96019531.25,-89.3713200366006
96024414.0625,-89.61618325471542
96029296.875,-89.66548066112509
96034179.6875,-89.81897518279331
96039062.5,-89.96453890176846
96043945.3125,-90.00236821392429
96048828.125,-89.99740062968809
96053710.9375,-90.02249226618562
96058593.75,-90.1277815179541
96063476.5625,-90.1202329700184
96068359.375,-90.13386866333025
96073242.1875,-90.22951447649615
96078125.0,-90.1072673962297
96083007.8125,-90.34882111293464
96087890.625,-90.36072632637942
96092773.4375,-90.29157157495806
96097656.25,-90.30344797739247
96102539.0625,-90.2477010575156
96107421.875,-90.48710615186985
96112304.6875,-90.47946152819117
96117187.5,-90.35334287777778
96122070.3125,-90.54449829928527
96126953.125,-90.38428959552482
96131835.9375,-90.5272359747224
96136718.75,-90.51865826439905
96141601.5625,-90.37486358442686
96146484.375,-90.38756938112255
96151367.1875,-90.59359222417993
96156250.0,-90.57885324720678
96161132.8125,-90.41189725832535
96166015.625,-90.45185101560395
96170898.4375,-90.56489540242794
96175781.25,-90.45041245885636
96180664.0625,-90.51163476389081
96185546.875,-90.56917083698556
96190429.6875,-90.50541332233027
96195312.5,-90.53227225546831
96200195.3125,-90.38779504301795
96205078.125,-90.2495061508906
96209960.9375,-90.16833620655981
96214843.75,-89.77851562876941
96219726.5625,-89.3340289932078
96224609.375,-88.92689464725424
96229492.1875,-88.67953096666841
96234375.0,-88.26106062959718
96239257.8125,-88.22589111430139
96244140.625,-88.38618319812832
96249023.4375,-88.53881369820098
96253906.25,-88.08665507705027
96258789.0625,-87.1955500768313
96263671.875,-86.35452075002416
96268554.6875,-85.90477766260716
96273437.5,-85.53262324089923
96278320.3125,-84.86847348862727
96283203.125,-84.07681189224002
96288085.9375,-83.51978359118164
96292968.75,-83.28005826398078
96297851.5625,-83.99435371971447
96302734.375,-85.38073329263702
96307617.1875,-86.35125822876694
96312500.0,-87.25952368158093
96317382.8125,-88.4847463675666
96322265.625,-89.5863755279708
96327148.4375,-90.29887984715288
96332031.25,-90.35780855052468
96336914.0625,-90.36481743161582
96341796.875,-90.08703776300337
96346679.6875,-90.34197183344841
96351562.5,-90.37390763086324
96356445.3125,-90.46106142385133
96361328.125,-90.45614469476038
96366210.9375,-90.49409032685284
96371093.75,-90.51196792036058
96375976.5625,-90.46378708542426
96380859.375,-90.47441893710257
96385742.1875,-90.40915014328829
96390625.0,-90.57222567949549
96395507.8125,-90.56381117751175
96400390.625,-90.49421943751247
96405273.4375,-90.54553666608521
96410156.25,-90.44603412192433
96415039.0625,-90.6251936709788
96419921.875,-90.62286848020545
96424804.6875,-90.62127410011806
96429687.5,-90.60308313368708
96434570.3125,-90.53302865893724
96439453.125,-90.39701505448483
96444335.9375,-90.5013991127262
96449218.75,-90.50661928207137
96454101.5625,-90.57606404893227
96458984.375,-90.46081255318055
96463867.1875,-90.44549111374187
96468750.0,-90.504779803675
96473632.8125,-90.52673357007808
96478515.625,-90.42061454737754
96483398.4375,-90.40771925932188
96488281.25,-90.46513514648484
96493164.0625,-90.4854196803139
96498046.875,-90.41237500163726
96502929.6875,-90.35443753562018
96507812.5,-90.37652513089202
96512695.3125,-90.31609217941426
96517578.125,-90.25801937668263
96522460.9375,-90.3328366485054
96527343.75,-90.23390452861076
96532226.5625,-90.2822010029073
96537109.375,-90.17636399502601
96541992.1875,-90.11219348280599
96546875.0,-90.14788774758267
96551757.8125,-90.03120544728273
96556640.625,-90.24237372755005
96561523.4375,-90.06989316280607
96566406.25,-90.1523713511101
96571289.0625,-90.0508983341885
96576171.875,-90.00963363880228
96581054.6875,-89.93657551164631
96585937.5,-89.96065800123213
96590820.3125,-89.97823428244303
96595703.125,-89.81741611802522
96600585.9375,-89.8164444882672
96605468.75,-89.96042258928875
96610351.5625,-90.0764036172281
96615234.375,-90.10284964254649
96620117.1875,-90.00317807075908
96625000.0,-90.13658458576012
96629882.8125,-90.18284815261666
96634765.625,-90.05760908161216
96639648.4375,-90.2135308763778
96644531.25,-90.24006793710129
96649414.0625,-90.18647848839737
96654296.875,-90.24304837526768
96659179.6875,-90.2631824065302
96664062.5,-90.39644998865808
96668945.3125,-90.29050135142887
96673828.125,-90.26385512263437
96678710.9375,-90.27563136295137
96683593.75,-90.40461740503468
96688476.5625,-90.20105501658483
96693359.375,-90.51499517788108
96698242.1875,-90.37266432358598
96703125.0,-90.31928413479847
96708007.8125,-90.45713779919953
96712890.625,-90.4501778731593
96717773.4375,-90.40445339113336
96722656.25,-90.39490910829264
96727539.0625,-90.58546158079076
96732421.875,-90.42763345204298
96737304.6875,-90.42675290859466
96742187.5,-90.52433481201874
96747070.3125,-90.39823749271545
96751953.125,-90.51922696984539
96756835.9375,-90.53924514209646
96761718.75,-90.44420705493405
96766601.5625,-90.48114453686347
96771484.375,-90.40387671235686
96776367.1875,-90.48341106371166
96781250.0,-90.39475106870356
96786132.8125,-90.46075157735086
96791015.625,-90.3926419089706
96795898.4375,-90.3523214009133
96800781.25,-90.49800153935342
96805664.0625,-90.4283124746473
96810546.875,-90.42182444589906
96815429.6875,-90.27695590471328
96820312.5,-90.27066818380857
96825195.3125,-90.34088444666747
96830078.125,-90.34910467451115
96834960.9375,-90.39252708981547
96839843.75,-90.35934035034327
96844726.5625,-90.3297102222981
96849609.375,-90.27116657948488
96854492.1875,-90.2972280271917
96859375.0,-90.18768812528978
96864257.8125,-90.33489638310158
96869140.625,-90.38686137604512
96874023.4375,-90.31446469964243
96878906.25,-90.38073983833979
96883789.0625,-90.36754397566997
96888671.875,-90.34232526951786
96893554.6875,-90.28544553065944
96898437.5,-90.34128484345038
96903320.3125,-90.18700552799427
96908203.125,-90.4238729087539
96913085.9375,-90.3502603704444
96917968.75,-90.2483463396747
96922851.5625,-90.2311698878824
96927734.375,-90.2312366166475
96932617.1875,-90.40002289938045
96937500.0,-90.37152149930745
96942382.8125,-90.38214579955985
96947265.625,-90.38216516550932
96952148.4375,-90.43399105414039
96957031.25,-90.47512712604552
96961914.0625,-90.41792763834209
96966796.875,-90.49028586904865
96971679.6875,-90.40725590994828
96976562.5,-90.50590389857757
96981445.3125,-90.44984139282417
96986328.125,-90.61816357295251
96991210.9375,-90.52358025907466
96996093.75,-90.52566476843998
97000976.5625,-90.50333606696006
97005859.375,-90.6153526350291
97010742.1875,-90.41696939778711
97015625.0,-90.66466904359618
97020507.8125,-90.64201246467587
97025390.625,-90.58951854253593
97030273.4375,-90.71714606161228
97035156.25,-90.58966641425005
97040039.0625,-90.55929942147463
97044921.875,-90.5509602392026
97049804.6875,-90.70432230942282
97054687.5,-90.54298800416416
97059570.3125,-90.52194385734308
97064453.125,-90.63455050901393
97069335.9375,-90.6168734654338
97074218.75,-90.60267310181803
97079101.5625,-90.51013613129692
97083984.375,-90.56091390085012
97088867.1875,-90.50256394154869
97093750.0,-90.49051227554915
97098632.8125,-90.5204468245492
97103515.625,-90.51136342329221
97108398.4375,-90.46654272435515
97113281.25,-90.57383936188114
97118164.0625,-90.48226619524155
97123046.875,-90.42490652034172
97127929.6875,-90.45202829805595
97132812.5,-90.50772392906802
97137695.3125,-90.44605263601761
97142578.125,-90.45790957772726
97147460.9375,-90.37980309925376
97152343.75,-90.4210503897643
97157226.5625,-90.24189525520802
97162109.375,-90.23436311623084
97166992.1875,-90.30356310450946
97171875.0,-90.38242868558004
97176757.8125,-90.3595739858878
97181640.625,-90.26549064996394
97186523.4375,-90.30353955924997
97191406.25,-90.26187949537513
97196289.0625,-90.26845220485885
97201171.875,-90.2819431178821
97206054.6875,-90.30595327609862
97210937.5,-90.32787498513068
97215820.3125,-90.26906610005318
97220703.125,-90.34239892196115
97225585.9375,-90.27330706251001
97230468.75,-90.31873974592341
97235351.5625,-90.39388237470601
97240234.375,-90.29781491424791
97245117.1875,-90.46891088356239
97250000.0,-90.36831178192375
97254882.8125,-90.42798842552452
97259765.625,-90.34075840880237
97264648.4375,-90.41449393346119
97269531.25,-90.3735372514488
97274414.0625,-90.5553644629305
97279296.875,-90.63258082292671
97284179.6875,-90.34641175724713
97289062.5,-90.53699850731908
97293945.3125,-90.52746627254061
97298828.125,-90.48905439098303
97303710.9375,-90.61521169136091
97308593.75,-90.53488777127731
97313476.5625,-90.49068750182732
97318359.375,-90.37699726229135
97323242.1875,-90.49074012564444
97328125.0,-90.43711517234743
97333007.8125,-90.30653654686625
97337890.625,-90.3120859963314
97342773.4375,-90.41328885510455
97347656.25,-90.35275689434252
97352539.0625,-90.24502017574122
97357421.875,-90.43583097590425
97362304.6875,-90.28604360090694
97367187.5,-90.30092439772568
97372070.3125,-90.33213660178217
97376953.125,-90.24642867937621
97381835.9375,-90.20451440623961
97386718.75,-90.22435447998939
97391601.5625,-90.2160212823837
97396484.375,-90.23313764506852
97401367.1875,-90.21315167363565
97406250.0,-90.37545846106977
97411132.8125,-90.2199410055139
97416015.625,-90.11580343354356
97420898.4375,-90.26219284689941
97425781.25,-90.20659814295601
97430664.0625,-90.18020849698314
97435546.875,-90.26212509540204
97440429.6875,-90.17366132642937
97445312.5,-90.19860647416829
97450195.3125,-90.27928460669153
97455078.125,-90.29891055812112
97459960.9375,-90.24588743310761
97464843.75,-90.37576181365293
97469726.5625,-90.32109510411098
97474609.375,-90.36193265488393
97479492.1875,-90.30064259718625
97484375.0,-90.30758099570707
97489257.8125,-90.4592338034665
97494140.625,-90.43291734292325
97499023.4375,-90.36379043101894
97503906.25,-90.38896689270493
97508789.0625,-90.4744321578678
97513671.875,-90.5290270677612
97518554.6875,-90.61079949789715
97523437.5,-90.55618892406159
97528320.3125,-90.58379932045784
97533203.125,-90.62856277656908
97538085.9375,-90.56189016809984
97542968.75,-90.53356941298978
97547851.5625,-90.6697587394211
97552734.375,-90.64145898215446
97557617.1875,-90.73675252791199
97562500.0,-90.72092467652166
97567382.8125,-90.63216111615696
97572265.625,-90.60927848482669
97577148.4375,-90.68552920148431
97582031.25,-90.75766170373566
97586914.0625,-90.79194307629803
97591796.875,-90.73327414793198
97596679.6875,-90.68696929346748
97601562.5,-90.67147458781139
97606445.3125,-90.67472710690456
97611328.125,-90.74823977931547
97616210.9375,-90.66436104973926
97621093.75,-90.63998792691152
97625976.5625,-90.68115671392542
97630859.375,-90.65047651969346
97635742.1875,-90.519274208225
97640625.0,-90.63218728417797
97645507.8125,-90.5863101763128
97650390.625,-90.5322849108629
97655273.4375,-90.51624661831315
97660156.25,-90.4388146761197
97665039.0625,-90.47554438558572
97669921.875,-90.4591240857172
97674804.6875,-90.5362994729029
97679687.5,-90.3943552844193
97684570.3125,-90.44041640063949
97689453.125,-90.44138573668047
97694335.9375,-90.48797075417772
97699218.75,-90.41363949495457
97704101.5625,-90.41854502559099
97708984.375,-90.37160826042779
97713867.1875,-90.37763485761258
97718750.0,-90.34672622649813
97723632.8125,-90.33077953995416
97728515.625,-90.41034181491455
97733398.4375,-90.506177330004
97738281.25,-90.44143097300125
97743164.0625,-90.51943757594518
97748046.875,-90.50452261050648
97752929.6875,-90.57646053644618
97757812.5,-90.45495866686292
97762695.3125,-90.56114253291835
97767578.125,-90.65910979860146
97772460.9375,-90.68736083420714
97777343.75,-90.67006003650843
97782226.5625,-90.6047267112329
97787109.375,-90.59357778318548
97791992.1875,-90.6991002310397
97796875.0,-90.81304745881332
97801757.8125,-90.70031370052152
97806640.625,-90.76518360748474
97811523.4375,-90.76393165035108
97816406.25,-90.85992266014685
97821289.0625,-90.78166843836607
97826171.875,-90.72888399452515
97831054.6875,-90.63995799649814
97835937.5,-90.81359961235242
97840820.3125,-90.72961185820526
97845703.125,-90.80123562903577
97850585.9375,-90.87185164271892
97855468.75,-90.79544068981127
97860351.5625,-90.80140813336837
97865234.375,-90.73506917661268
97870117.1875,-90.66937444306274
97875000.0,-90.747756467882
97879882.8125,-90.57710894123349
97884765.625,-90.68691890061703
97889648.4375,-90.66226268572922
97894531.25,-90.72765106015882
97899414.0625,-90.63737901862925
97904296.875,-90.55858712205296
97909179.6875,-90.54120681026839
97914062.5,-90.44252261763472
97918945.3125,-90.50275662990589
97923828.125,-90.45139402990327
97928710.9375,-90.35471737220001
97933593.75,-90.37284481626833
97938476.5625,-90.39264541909012
97943359.375,-90.33599903045996
97948242.1875,-90.16831154681228
97953125.0,-90.24600193112721
97958007.8125,-90.1436439642232
97962890.625,-90.09539302281618
97967773.4375,-89.95594667731618
97972656.25,-89.92482151681605
97977539.0625,-89.98156732729024
97982421.875,-89.96952401340877
97987304.6875,-89.8028032967585
97992187.5,-89.836126971221
97997070.3125,-89.86884957498799
98001953.125,-89.90648874901916
98006835.9375,-89.79710986692376
98011718.75,-89.79508473229754
98016601.5625,-89.9492376988207
98021484.375,-89.96946955753384
98026367.1875,-89.93118262322662
98031250.0,-89.99576914084409
98036132.8125,-90.13577748507345
98041015.625,-90.24070087523026
98045898.4375,-90.24133272098894
98050781.25,-90.19768486330526
98055664.0625,-90.34535848438048
98060546.875,-90.43228813249897
98065429.6875,-90.40067602314173
98070312.5,-90.4015358286664
98075195.3125,-90.47440352434865
98080078.125,-90.5145332952626
98084960.9375,-90.37682616307279
98089843.75,-90.58143608924797
98094726.5625,-90.58863914627653
98099609.375,-90.5772488129511
98104492.1875,-90.66527496963818
98109375.0,-90.5692684461306
98114257.8125,-90.79097665318437
98119140.625,-90.69160889481464
98124023.4375,-90.64398990150917
98128906.25,-90.7719024308208
98133789.0625,-90.70291757103286
98138671.875,-90.66856255403707
98143554.6875,-90.72683853064862
98148437.5,-90.78684913755222
98153320.3125,-90.72537137542898
98158203.125,-90.76031267173346
98163085.9375,-90.76406953998014
98167968.75,-90.62637706779392
98172851.5625,-90.75687993679702
98177734.375,-90.74385763883998
98182617.1875,-90.69923046259751
98187500.0,-90.73865753315499
98192382.8125,-90.70529204364422
98197265.625,-90.63659998769504
98202148.4375,-90.63166239854604
98207031.25,-90.62188089364358
98211914.0625,-90.7287707629392
98216796.875,-90.7523801574414
98221679.6875,-90.68730711363602
98226562.5,-90.75106841899992
98231445.3125,-90.75542411441165
98236328.125,-90.64209526763935
98241210.9375,-90.64422921524368
98246093.75,-90.67513266835903
98250976.5625,-90.79352688713419
98255859.375,-90.68493732270315
98260742.1875,-90.75592378878395
98265625.0,-90.74607510861568
98270507.8125,-90.70550293210073
98275390.625,-90.73971478700571
98280273.4375,-90.60755228424665
98285156.25,-90.61755335811964
98290039.0625,-90.73523831742136
98294921.875,-90.71938627984017
98299804.6875,-90.72490656833867
98304687.5,-90.8521055023092
98309570.3125,-90.58233454623573
98314453.125,-90.66949748649793
98319335.9375,-90.73773018826518
98324218.75,-90.69807740561149
98329101.5625,-90.7005762869984
98333984.375,-90.6606774042541
98338867.1875,-90.62767067598776
98343750.0,-90.669683683632
98348632.8125,-90.76497535079477
98353515.625,-90.76590619892016
98358398.4375,-90.76587798043823
98363281.25,-90.65311444563298
98368164.0625,-90.76042532759226
98373046.875,-90.83260921098801
98377929.6875,-90.7605762343673
98382812.5,-90.83557367877268
98387695.3125,-90.82624119421016
98392578.125,-90.78075745423524
98397460.9375,-90.7501914169068
98402343.75,-90.6674100771368
98407226.5625,-90.65058580602408
98412109.375,-90.69304053060333
98416992.1875,-90.75683056982024
98421875.0,-90.61521497809744
98426757.8125,-90.69836576997949
98431640.625,-90.72528515387913
98436523.4375,-90.6613527059194
98441406.25,-90.66478340421375
98446289.0625,-90.62315180619129
98451171.875,-90.60815507240028
98456054.6875,-90.57311251873571
98460937.5,-90.621656760581
98465820.3125,-90.55361053004094
98470703.125,-90.56128703398136
98475585.9375,-90.52624430283328
98480468.75,-90.4865362741632
98485351.5625,-90.43366796304309
98490234.375,-90.42832233444909
98495117.1875,-90.39397338297181
98500000.0,-90.31347353527113
98504882.8125,-90.39826306627435
98509765.625,-90.2384101127056
98514648.4375,-90.33268764300811
98519531.25,-90.33425919901637
98524414.0625,-90.30893147466216
98529296.875,-90.20879816265517
98534179.6875,-90.29463704575954
98539062.5,-90.17910509646131
98543945.3125,-90.32742776818412
98548828.125,-90.22253401651358
98553710.9375,-90.19591386855535
98558593.75,-90.21109417736068
98563476.5625,-90.1609828578411
98568359.375,-90.05182873985422
98573242.1875,-90.0952123943706
98578125.0,-90.17496786038134
98583007.8125,-90.1221902919307
98587890.625,-90.21426453326785
98592773.4375,-90.04286986782631
98597656.25,-90.14997969994329
98602539.0625,-90.19167035172165
98607421.875,-90.17502780799796
98612304.6875,-90.18218579397615
98617187.5,-90.12574397216599
98622070.3125,-90.08813810159094
98626953.125,-90.19950027670404
98631835.9375,-90.27276384636158
98636718.75,-90.25736400179233
98641601.5625,-90.30805333311318
98646484.375,-90.34409301637317
98651367.1875,-90.38808739535642
98656250.0,-90.36532409416247
98661132.8125,-90.38363859735867
98666015.625,-90.386915151274
98670898.4375,-90.45610523719401
98675781.25,-90.42801278944376
98680664.0625,-90.43681373382859
98685546.875,-90.54716064574768
98690429.6875,-90.56361770092514
98695312.5,-90.53581500140427
98700195.3125,-90.5384309565172
98705078.125,-90.60003538523293
98709960.9375,-90.5223676279706
98714843.75,-90.60663288801169
98719726.5625,-90.53124886886283
98724609.375,-90.65539952362627
98729492.1875,-90.54786382138306
98734375.0,-90.63199497716045
98739257.8125,-90.5820694777953
98744140.625,-90.67341501068552
98749023.4375,-90.69730958139269
98753906.25,-90.59746669767353
98758789.0625,-90.62371422830199
98763671.875,-90.6240283050401
98768554.6875,-90.59762588438193
98773437.5,-90.54876406382172
98778320.3125,-90.53736408555662
98783203.125,-90.52402661784618
98788085.9375,-90.51370293620795
98792968.75,-90.5752950043128
98797851.5625,-90.64047933840968
98802734.375,-90.50958690863101
98807617.1875,-90.50642188342835
98812500.0,-90.520659100704
98817382.8125,-90.40795342774348
98822265.625,-90.55985545863524
98827148.4375,-90.4497421361159
98832031.25,-90.45901905947684
98836914.0625,-90.528509726821
98841796.875,-90.45231704433351
98846679.6875,-90.49255697583243
98851562.5,-90.49490668260722
98856445.3125,-90.47914769685181
98861328.125,-90.4616890851712
98866210.9375,-90.43823002993886
98871093.75,-90.42211843296582
98875976.5625,-90.49104293912569
98880859.375,-90.43104759724912
98885742.1875,-90.44422356376967
98890625.0,-90.43073960015056
98895507.8125,-90.37536280952912
98900390.625,-90.41780079719743
98905273.4375,-90.50280046750441
98910156.25,-90.42331906073687
98915039.0625,-90.60366742009336
98919921.875,-90.54404617892689
98924804.6875,-90.53444660776736
98929687.5,-90.53937412305646
98934570.3125,-90.55330088353364
98939453.125,-90.58023886093218
98944335.9375,-90.55220490056956
98949218.75,-90.63636645601736
98954101.5625,-90.51260255154935
98958984.375,-90.6221320866926
98963867.1875,-90.59578531750867
98968750.0,-90.54344290542383
98973632.8125,-90.62522473479243
98978515.625,-90.68357869810447
98983398.4375,-90.63192945663684
98988281.25,-90.59155093941482
98993164.0625,-90.55605964441011
98998046.875,-90.60362529871435
99002929.6875,-90.57612253843422
99007812.5,-90.58274117083778
99012695.3125,-90.5839208325919
99017578.125,-90.60759387376734
99022460.9375,-90.63106135538322
99027343.75,-90.67822802414003
99032226.5625,-90.54892604383701
99037109.375,-90.62298293040956
99041992.1875,-90.56772264592257
99046875.0,-90.50778143714484
99051757.8125,-90.57959746290507
99056640.625,-90.58231100745567
99061523.4375,-90.60733281861476
99066406.25,-90.52927801993911
99071289.0625,-90.48213599256906
99076171.875,-90.62849341404447
99081054.6875,-90.62719936445768
99085937.5,-90.50320022896605
99090820.3125,-90.4421670138785
99095703.125,-90.56647399709914
99100585.9375,-90.42793019167806
99105468.75,-90.41003111643553
99110351.5625,-90.46749926813106
99115234.375,-90.43504738171555
99120117.1875,-90.41096776632733
99125000.0,-90.42931200155078
99129882.8125,-90.43447059080364
99134765.625,-90.48220642565602
99139648.4375,-90.45939527434018
99144531.25,-90.56436358862612
99149414.0625,-90.55766478031595
99154296.875,-90.4210646765961
99159179.6875,-90.48868838851772
99164062.5,-90.46418082800409
99168945.3125,-90.55053655626415
99173828.125,-90.38372532545088
99178710.9375,-90.39198773167607
99183593.75,-90.47192678315685
99188476.5625,-90.43445534928446
99193359.375,-90.59464559230227
99198242.1875,-90.51454886919512
99203125.0,-90.47844308755776
99208007.8125,-90.46849808440695
99212890.625,-90.49124507492229
99217773.4375,-90.63835368413282
99222656.25,-90.5558474237817
99227539.0625,-90.50135084128729
99232421.875,-90.4891942548164
99237304.6875,-90.42771227074189
99242187.5,-90.49306730606827
99247070.3125,-90.45970178181182
99251953.125,-90.49732201618536
99256835.9375,-90.55549708382998
99261718.75,-90.46089849910064
99266601.5625,-90.58957218044645
99271484.375,-90.49451779413221
99276367.1875,-90.47036008960936
99281250.0,-90.4410148970376
99286132.8125,-90.58530302236102
99291015.625,-90.55327263058683
99295898.4375,-90.49463569808404
99300781.25,-90.4253027636218
99305664.0625,-90.47004002506662
99310546.875,-90.5256297986509
99315429.6875,-90.46212259572255
99320312.5,-90.44933071498005
99325195.3125,-90.40120502414976
99330078.125,-90.4272901679798
99334960.9375,-90.3001919000751
99339843.75,-90.27513355131026
99344726.5625,-90.18789843623506
99349609.375,-90.20218796122242
99354492.1875,-90.08506342506598
99359375.0,-89.94486746089362
99364257.8125,-89.7984811559302
99369140.625,-89.90780118198654
99374023.4375,-89.66151235282291
99378906.25,-89.54850792284847
99383789.0625,-89.62810690061454
99388671.875,-89.48517817524115
99393554.6875,-89.30396113136447
99398437.5,-89.2646723770549
99403320.3125,-89.15265510244282
99408203.125,-89.29288475645421
99413085.9375,-89.23808174679982
99417968.75,-89.53825979011148
99422851.5625,-89.43308129252478
99427734.375,-89.72229070744868
99432617.1875,-89.72848857845102
99437500.0,-89.95506919946538
99442382.8125,-89.8899689806299
99447265.625,-90.00871633129623
99452148.4375,-90.18680522351201
99457031.25,-90.20211861520528
99461914.0625,-90.33031387308165
99466796.875,-90.36394785799726
99471679.6875,-90.33218528880559
99476562.5,-90.40023297228328
99481445.3125,-90.48438305962082
99486328.125,-90.37680299312856
99491210.9375,-90.3662529106756
99496093.75,-90.46799477832059
99500976.5625,-90.51039635623147
99505859.375,-90.47363883063551
99510742.1875,-90.48864909523135
99515625.0,-90.56097026524151
99520507.8125,-90.53340261504573
99525390.625,-90.39112977591222
99530273.4375,-90.54940096449107
99535156.25,-90.5825910799366
99540039.0625,-90.52683537742854
99544921.875,-90.57330023413189
99549804.6875,-90.61794407780405
99554687.5,-90.56822974608977
99559570.3125,-90.57032501722978
99564453.125,-90.47877940124832
99569335.9375,-90.50826023635645
99574218.75,-90.43736653139598
99579101.5625,-90.56790781446244
99583984.375,-90.47021660986087
99588867.1875,-90.4080777601333
99593750.0,-90.18141475988017
99598632.8125,-90.26485345669306
99603515.625,-90.18375073780942
99608398.4375,-90.21411124341876
99613281.25,-89.88251202844
99618164.0625,-88.40961114791423
99623046.875,-87.76824234669357
99627929.6875,-87.85667349335665
99632812.5,-87.40111123155796
99637695.3125,-81.817387252618
99642578.125,-80.11501793326002
99647460.9375,-80.5872608068768
99652343.75,-80.43750647889192
99657226.5625,-79.68365831056087
99662109.375,-78.73011784297694
99666992.1875,-78.44389773043932
99671875.0,-77.14627010831825
99676757.8125,-76.24188198694267
99681640.625,-75.0478786079268
99686523.4375,-74.1007532097243
99691406.25,-72.82590182077345
99696289.0625,-71.23822168936147
99701171.875,-70.13878844192769
99706054.6875,-70.66875254554108
99710937.5,-71.73147046434991
99715820.3125,-72.70751254026607
99720703.125,-73.86586970862871
99725585.9375,-75.0161786929315
99730468.75,-76.13792276458611
99735351.5625,-77.55712398825784
99740234.375,-78.81621748198722
99745117.1875,-80.71683039640502
99750000.0,-82.70942881015111
99754882.8125,-84.17378542962237
99759765.625,-82.70037568772355
99764648.4375,-83.9694206105979
99769531.25,-88.9447100449797
99774414.0625,-89.10113639898864
99779296.875,-88.17093538212288
99784179.6875,-88.93091301073173
99789062.5,-90.08335078363498
99793945.3125,-90.164384168357
99798828.125,-90.1322204889787
99803710.9375,-90.32714161320456
99808593.75,-90.37119186764266
99813476.5625,-90.35248375656201
99818359.375,-90.3719715417945
99823242.1875,-90.49361461592727
99828125.0,-90.55440105889096
99833007.8125,-90.68491630617703
99837890.625,-90.59955269814202
99842773.4375,-90.57320012870727
99847656.25,-90.64949119140758
99852539.0625,-90.46223048254458
99857421.875,-90.4939943940742
99862304.6875,-90.46051035182154
99867187.5,-90.44602303212565
99872070.3125,-90.46574348114669
99876953.125,-90.48723513435777
99881835.9375,-90.55811709319136
99886718.75,-90.35678658394434
99891601.5625,-90.35029108026168
99896484.375,-90.1059908777363
99901367.1875,-90.11937920694126
99906250.0,-90.05251765260238
99911132.8125,-89.99456658647466
99916015.625,-89.9079584433612
99920898.4375,-89.89457925369942
99925781.25,-89.78562895993446
99930664.0625,-89.58024694203746
99935546.875,-89.3952302025877
99940429.6875,-89.42587271694063
99945312.5,-89.03779366792068
99950195.3125,-88.94996022444894
99955078.125,-88.87772748752312
99959960.9375,-88.66465732925428
99964843.75,-88.47891133582164
99969726.5625,-88.29537809144995
99974609.375,-88.16240984381946
99979492.1875,-88.08710022324976
99984375.0,-87.90330724768228
99989257.8125,-87.78243265115034
99994140.625,-87.67142368629888
99999023.4375,-87.40539647573237
100003906.25,-87.7368908849412
100008789.0625,-87.70762918437046
100013671.875,-87.8051183708948
100018554.6875,-87.99190566080668
100023437.5,-88.10911755574747
100028320.3125,-88.26657075178883
100033203.125,-88.52125341460066
100038085.9375,-88.67725002782794
100042968.75,-88.8558351748571
100047851.5625,-88.963406533155
100052734.375,-89.12292956819539
100057617.1875,-89.34063832767347
100062500.0,-89.36789103928487
100067382.8125,-89.5974503112426
100072265.625,-89.72821918891077
100077148.4375,-89.91183269992561
100082031.25,-90.0287697341243
100086914.0625,-90.14824052823886
100091796.875,-90.20228023882635
100096679.6875,-90.27934769586517
100101562.5,-90.45538987828286
100106445.3125,-90.51076335732458
100111328.125,-90.59738183766743
100116210.9375,-90.44493688575588
100121093.75,-90.56874331468507
100125976.5625,-90.59779479204818
100130859.375,-90.60467901424113
100135742.1875,-90.5901941512519
100140625.0,-90.56089161965929
100145507.8125,-90.63942614153103
100150390.625,-90.55410514767908
100155273.4375,-90.65130020419755
100160156.25,-90.7116653144644
100165039.0625,-90.71158916982296
100169921.875,-90.60206254963265
100174804.6875,-90.55259288036453
100179687.5,-90.57038117412114
100184570.3125,-90.58345548928577
100189453.125,-90.6592060471466
100194335.9375,-90.62273388236508
100199218.75,-90.4925572308193
100204101.5625,-90.61539925049348
100208984.375,-90.65956661978328
100213867.1875,-90.68476169243655
100218750.0,-90.64541270979942
100223632.8125,-90.75724699923336
100228515.625,-90.66317799978262
100233398.4375,-90.66236878863668
100238281.25,-90.58849314784024
100243164.0625,-90.64848224153491
100248046.875,-90.63208439110201
100252929.6875,-90.63120104356577
100257812.5,-90.54513157868115
100262695.3125,-90.54724827982272
100267578.125,-90.61234020100545
100272460.9375,-90.41836960211026
100277343.75,-90.44102349922213
100282226.5625,-90.48987722818507
100287109.375,-90.52773042164105
100291992.1875,-90.5802839974346
100296875.0,-90.62430742001669
100301757.8125,-90.67226851266383
100306640.625,-90.64278748096012
100311523.4375,-90.67511154940169
100316406.25,-90.66661756908596
100321289.0625,-90.52665505159891
100326171.875,-90.60957442936788
100331054.6875,-90.49287332226606
100335937.5,-90.60412153963082
100340820.3125,-90.64836397693358
100345703.125,-90.72012890293308
100350585.9375,-90.62240126979657
100355468.75,-90.62345431428432
100360351.5625,-90.64666936259104
100365234.375,-90.46843041790382
100370117.1875,-90.65693195788964
100375000.0,-90.66671709380347
100379882.8125,-90.60922021524777
100384765.625,-90.80069072398405
100389648.4375,-90.58583033523587
100394531.25,-90.69033721168404
100399414.0625,-90.70900757497537
100404296.875,-90.7357109085483
100409179.6875,-90.65334614862331
100414062.5,-90.66336762497559
100418945.3125,-90.6642905480893
100423828.125,-90.64781321532945
100428710.9375,-90.63256804876363
100433593.75,-90.6643747479416
100438476.5625,-90.74672930737427
100443359.375,-90.64794307967881
100448242.1875,-90.53661060655662
100453125.0,-90.60998787550835
100458007.8125,-90.60413638791218
100462890.625,-90.47042643982817
100467773.4375,-90.54376926624906
100472656.25,-90.52950317970598
100477539.0625,-90.54919354449157
100482421.875,-90.48117565998908
100487304.6875,-90.5504184748971
100492187.5,-90.4533780280077
100497070.3125,-90.4459650454692
100501953.125,-90.41611042149273
100506835.9375,-90.3186112299901
100511718.75,-90.322770196367
100516601.5625,-90.25061027180666
100521484.375,-90.22702074522186
100526367.1875,-90.25374582769669
100531250.0,-90.15015711018228
100536132.8125,-90.12229093667898
100541015.625,-90.04383609717263
100545898.4375,-89.98431351478808
100550781.25,-89.92563662794501
100555664.0625,-89.88422777274448
100560546.875,-89.78671242111534
100565429.6875,-89.95497929183495
100570312.5,-89.84146809408966
100575195.3125,-89.75259938688203
100580078.125,-89.66469454561269
100584960.9375,-89.58205533815078
100589843.75,-89.6777325563749
100594726.5625,-89.59216902255665
100599609.375,-89.656851713691
100604492.1875,-89.66313717117305
100609375.0,-89.71053620464704
100614257.8125,-89.72719478322355
100619140.625,-89.84434611770939
100624023.4375,-89.70627991670221
100628906.25,-89.80844392380158
100633789.0625,-89.87976505316476
100638671.875,-89.84140545739118
100643554.6875,-89.84610719331093
100648437.5,-90.01349808533743
100653320.3125,-90.01598555221557
100658203.125,-90.08228751715586
100663085.9375,-90.13414371988787
100667968.75,-90.01828857308791
100672851.5625,-90.13031015576095
100677734.375,-90.11141007683281
100682617.1875,-90.24291582872237
100687500.0,-90.25632147420293
100692382.8125,-90.30656790170673
100697265.625,-90.32238237375631
100702148.4375,-90.45350886985892
100707031.25,-90.40129573805189
100711914.0625,-90.40216233283289
100716796.875,-90.55534303613072
100721679.6875,-90.52602291684047
100726562.5,-90.47455983513564
100731445.3125,-90.43309287960707
100736328.125,-90.58320511254564
100741210.9375,-90.6517464746077
100746093.75,-90.59212235002553
100750976.5625,-90.51554766208915
100755859.375,-90.52568933200683
100760742.1875,-90.54591610129944
100765625.0,-90.40109895052848
100770507.8125,-90.48038309628902
100775390.625,-90.55666620459186
100780273.4375,-90.45424587795418
100785156.25,-90.47484986971014
100790039.0625,-90.60367837186146
100794921.875,-90.41478017441193
100799804.6875,-90.41971640737026
100804687.5,-90.45287726548858
100809570.3125,-90.43650933329243
100814453.125,-90.47853293246311
100819335.9375,-90.35299565135267
100824218.75,-90.46930219653723
100829101.5625,-90.45672224982275
100833984.375,-90.38847178965838
100838867.1875,-90.31195736218129
100843750.0,-90.34061148654649
100848632.8125,-90.29497094723266
100853515.625,-90.32022818562396
100858398.4375,-90.37186018705185
100863281.25,-90.3436765947493
100868164.0625,-90.2964319777283
100873046.875,-90.24311401665042
100877929.6875,-90.32664189945507
100882812.5,-90.28303671938605
100887695.3125,-90.32828450931447
100892578.125,-90.21561086261764
100897460.9375,-90.31839794682827
100902343.75,-90.38481161298517
100907226.5625,-90.21182480335435
100912109.375,-90.28099319003533
100916992.1875,-90.34638612935768
100921875.0,-90.40949667316676
100926757.8125,-90.25602584376199
100931640.625,-90.31766745752583
100936523.4375,-90.33821864602058
100941406.25,-90.41109865639075
100946289.0625,-90.44825654189464
100951171.875,-90.39732616165088
100956054.6875,-90.55937364438557
100960937.5,-90.5166627544526
100965820.3125,-90.56860101400184
100970703.125,-90.55243166522456
100975585.9375,-90.61253162555903
100980468.75,-90.51958379082154
100985351.5625,-90.42824675893641
100990234.375,-90.59816232537565
100995117.1875,-90.69359191759273
101000000.0,-90.72911974145433
101004882.8125,-90.57342927349504
101009765.625,-90.63427722058535
101014648.4375,-90.57736310400583
101019531.25,-90.58955244831762
101024414.0625,-90.58338711626809
101029296.875,-90.59263947736258
101034179.6875,-90.6217411751476
101039062.5,-90.55999521489704
101043945.3125,-90.78551468109305
101048828.125,-90.56431415690011
101053710.9375,-90.62617039308668
101058593.75,-90.58414677097338
101063476.5625,-90.5500018253739
101068359.375,-90.58816630145276
101073242.1875,-90.59088272684991
101078125.0,-90.62655080530794
101083007.8125,-90.53614272511277
101087890.625,-90.49421176019746
101092773.4375,-90.32229482790802
101097656.25,-90.35029744234149
101102539.0625,-90.13412346257331
101107421.875,-90.00643384776896
101112304.6875,-89.77128455352548
101117187.5,-89.55517785212646
101122070.3125,-88.84873501345365
101126953.125,-88.44172175137177
101131835.9375,-88.02606739087886
101136718.75,-87.34858995286143
101141601.5625,-86.73034072391164
101146484.375,-85.97539138773197
101151367.1875,-85.3293958961352
101156250.0,-84.17558181795741
101161132.8125,-83.21733173132557
101166015.625,-82.40414355836299
101170898.4375,-81.55282539714159
101175781.25,-80.78241689081156
101180664.0625,-80.47055423303567
101185546.875,-80.79064657744706
101190429.6875,-80.8705593752205
101195312.5,-80.92329921763996
101200195.3125,-79.04846677851049
101205078.125,-81.75774204070873
101209960.9375,-83.09403455178565
101214843.75,-83.52428019660422
101219726.5625,-83.47463584869575
101224609.375,-84.017572308533
101229492.1875,-84.39595138528378
101234375.0,-85.42431848841613
101239257.8125,-86.04526247310557
101244140.625,-86.59378079741384
101249023.4375,-87.15471774630348
101253906.25,-87.69628066737829
101258789.0625,-88.11286819875119
101263671.875,-88.84196824034834
101268554.6875,-89.3004498464527
101273437.5,-89.49533281513035
101278320.3125,-89.73516993178822
101283203.125,-89.65416150392792
101288085.9375,-89.75370699863043
101292968.75,-89.80171751984116
101297851.5625,-89.8825305728295
101302734.375,-89.73104551932718
101307617.1875,-89.93024090831062
101312500.0,-89.81754771941817
101317382.8125,-89.86929807389478
101322265.625,-90.12992939042994
101327148.4375,-90.36078151565835
101332031.25,-90.37350261155456
101336914.0625,-90.4232447175321
101341796.875,-90.41993469255931
101346679.6875,-90.34074410620826
101351562.5,-90.49801083936808
101356445.3125,-90.46810263904595
101361328.125,-90.41816521239036
101366210.9375,-90.40773509111193
101371093.75,-90.45137804285798
101375976.5625,-90.30346297706797
101380859.375,-90.42340065114453
101385742.1875,-90.2256742949393
101390625.0,-90.20575021405784
101395507.8125,-90.23713952891339
101400390.625,-90.36300767041496
101405273.4375,-90.2703731139774
101410156.25,-90.12839851880611
101415039.0625,-90.14630148873925
101419921.875,-90.34076429500519
101424804.6875,-90.24657507433355
101429687.5,-90.38131556458691
101434570.3125,-90.38564320262023
101439453.125,-90.42281934611921
101444335.9375,-90.32905392080943
101449218.75,-90.44481659338933
101454101.5625,-90.41874115672294
101458984.375,-90.43745361884106
101463867.1875,-90.43078684944973
101468750.0,-90.45745118399066
101473632.8125,-90.44668914504422
101478515.625,-90.48926664848588
101483398.4375,-90.46148503470033
101488281.25,-90.45101616601642
101493164.0625,-90.48963578209069
101498046.875,-90.49425624234271
101502929.6875,-90.51824609985002
101507812.5,-90.50598001361789
101512695.3125,-90.62223134985112
101517578.125,-90.59701002859447
101522460.9375,-90.61503208094504
101527343.75,-90.66651906894049
101532226.5625,-90.6740171329516
101537109.375,-90.65264975393723
101541992.1875,-90.65239887981357
101546875.0,-90.750490616391
101551757.8125,-90.64970687222353
101556640.625,-90.66660487393494
101561523.4375,-90.77155786159472
101566406.25,-90.67278530873139
101571289.0625,-90.81141047160276
101576171.875,-90.62880624999528
101581054.6875,-90.62662185717946
101585937.5,-90.69173887283759
101590820.3125,-90.63021457887257
101595703.125,-90.67561257981805
101600585.9375,-90.5684735632303
101605468.75,-90.5475004808849
101610351.5625,-90.56137827733932
101615234.375,-90.42599462070876
101620117.1875,-90.42221046355527
101625000.0,-90.49219510578314
101629882.8125,-90.47203532115543
101634765.625,-90.38015674442252
101639648.4375,-90.39494605717584
101644531.25,-90.39359033440667
101649414.0625,-90.30072538492047
101654296.875,-90.15157816640323
101659179.6875,-89.84177000426226
101664062.5,-89.05520765432323
101668945.3125,-87.95426334693519
101673828.125,-86.086838662545
101678710.9375,-83.96197698131027
101683593.75,-81.57237035273283
101688476.5625,-80.15859459507834
101693359.375,-79.26440038961482
101698242.1875,-78.51156431350967
101703125.0,-77.89168272097987
101708007.8125,-77.6152504224601
101712890.625,-77.72297398912974
101717773.4375,-79.06923135305425
101722656.25,-80.95269815499199
101727539.0625,-82.86346495506609
101732421.875,-84.4283997038107
101737304.6875,-85.36275734350369
101742187.5,-86.44840412068874
101747070.3125,-87.35440887588408
101751953.125,-88.04692679635173
101756835.9375,-88.96948469340074
101761718.75,-89.30587965476059
101766601.5625,-89.98368034963278
101771484.375,-89.91164486104847
101776367.1875,-90.33575807294395
101781250.0,-90.39019768247871
101786132.8125,-90.54152462969557
101791015.625,-90.53086491518565
101795898.4375,-90.4818734666448
101800781.25,-90.48074532985811
101805664.0625,-90.51035423436232
101810546.875,-90.45920050696861
101815429.6875,-90.6126068863847
101820312.5,-90.4871743565858
101825195.3125,-90.60908316606447
101830078.125,-90.65687620107934
101834960.9375,-90.68652550169534
101839843.75,-90.62126243752664
101844726.5625,-90.64831241011382
101849609.375,-90.55246874744878
101854492.1875,-90.61829889877794
101859375.0,-90.51115433235228
101864257.8125,-90.64673030549582
101869140.625,-90.52432024272039
101874023.4375,-90.59966006468844
101878906.25,-90.62769185956154
101883789.0625,-90.57346650560794
101888671.875,-90.45626524383283
101893554.6875,-90.65928656996698
101898437.5,-90.54890585038629
101903320.3125,-90.44591709275556
101908203.125,-90.50953364912283
101913085.9375,-90.37046731083558
101917968.75,-90.38767084863227
101922851.5625,-90.43486338507216
101927734.375,-90.24738573888035
101932617.1875,-90.25980528997903
101937500.0,-90.2564265635587
101942382.8125,-90.28551505761453
101947265.625,-90.12246560484553
101952148.4375,-90.11539281301094
101957031.25,-90.20128015375019
101961914.0625,-89.93206580982812
101966796.875,-89.98641208368196
101971679.6875,-90.09885979874048
101976562.5,-90.11869540938011
101981445.3125,-89.95960643560534
101986328.125,-89.84560834161584
101991210.9375,-89.97693268801098
101996093.75,-89.88516133580762
102000976.5625,-89.78293749206006
102005859.375,-89.90913126816767
102010742.1875,-89.89035787111368
102015625.0,-90.00369550138151
102020507.8125,-89.96247130016303
102025390.625,-89.96551008413465
102030273.4375,-90.02962337662461
102035156.25,-90.02701200063291
102040039.0625,-90.15186857087221
102044921.875,-90.0547469945617
102049804.6875,-90.19862051085144
102054687.5,-90.25852998304006
102059570.3125,-90.31831732882688
102064453.125,-90.22029538227255
102069335.9375,-90.24042459150624
102074218.75,-90.37426655200531
102079101.5625,-90.50101039252456
102083984.375,-90.43287696451424
102088867.1875,-90.35480458038958
102093750.0,-90.47734219479719
102098632.8125,-90.49003221534929
102103515.625,-90.58648819281748
102108398.4375,-90.44387403629338
102113281.25,-90.42889332762175
102118164.0625,-90.49348920193768
102123046.875,-90.49820353391704
102127929.6875,-90.53130721121829
102132812.5,-90.54270315601616
102137695.3125,-90.54792311570606
102142578.125,-90.55883179504292
102147460.9375,-90.55073723360329
102152343.75,-90.583906144698
102157226.5625,-90.48433748240484
102162109.375,-90.5785014167216
102166992.1875,-90.44904913383257
102171875.0,-90.51186853919222
102176757.8125,-90.59526666611376
102181640.625,-90.46705614760467
102186523.4375,-90.61650516946099
102191406.25,-90.48504313341451
102196289.0625,-90.60029043605584
102201171.875,-90.52819701934874
102206054.6875,-90.43494034491533
102210937.5,-90.60575671172299
102215820.3125,-90.47011917660694
102220703.125,-90.52665773267313
102225585.9375,-90.59540125836583
102230468.75,-90.58341763985811
102235351.5625,-90.40124030689225
102240234.375,-90.53641816111752
102245117.1875,-90.51093442100657
102250000.0,-90.57418158792586
102254882.8125,-90.58944302175485
102259765.625,-90.55210569373344
102264648.4375,-90.5811604478927
102269531.25,-90.69032436119932
102274414.0625,-90.48372031704392
102279296.875,-90.40661151986598
102284179.6875,-90.5286650937743
102289062.5,-90.5672838617898
102293945.3125,-90.57619526985866
102298828.125,-90.54758555954078
102303710.9375,-90.54346067638105
102308593.75,-90.59470597841579
102313476.5625,-90.50770404553316
102318359.375,-90.62115324130212
102323242.1875,-90.58424957318789
102328125.0,-90.51448563065941
102333007.8125,-90.55870801947367
102337890.625,-90.45552750447541
102342773.4375,-90.59238048801362
102347656.25,-90.63991700015308
102352539.0625,-90.7647888148606
102357421.875,-90.5430107135426
102362304.6875,-90.55564356018755
102367187.5,-90.6292543966787
102372070.3125,-90.69506127186654
102376953.125,-90.62393223515284
102381835.9375,-90.53316411182331
102386718.75,-90.51399073397761
102391601.5625,-90.55713847500158
102396484.375,-90.57814857274298
102401367.1875,-90.746885842549
102406250.0,-90.49303525101607
102411132.8125,-90.64792850910703
102416015.625,-90.51322437929872
102420898.4375,-90.38504229361115
102425781.25,-90.6029683972584
102430664.0625,-90.47154886240239
102435546.875,-90.48306973281314
102440429.6875,-90.46585686328166
102445312.5,-90.52998647125611
102450195.3125,-90.46512101359241
102455078.125,-90.46700100753097
102459960.9375,-90.47052258128144
102464843.75,-90.33405438295611
102469726.5625,-90.43834322483707
102474609.375,-90.47440343698307
102479492.1875,-90.43319947874383
102484375.0,-90.47728935084314
102489257.8125,-90.43514104438654
102494140.625,-90.32281409366286
102499023.4375,-90.3211630490469
102503906.25,-90.44485694864284
102508789.0625,-90.28544690970492
102513671.875,-90.33452721441154
102518554.6875,-90.26713405307115
102523437.5,-90.27497589945347
102528320.3125,-90.30512955621222
102533203.125,-90.13426201036799
102538085.9375,-90.19587612826385
102542968.75,-90.19461514720871
102547851.5625,-90.16553142539519
102552734.375,-90.08288184396685
102557617.1875,-89.9834051142079
102562500.0,-90.12119392577361
102567382.8125,-90.00025098032523
102572265.625,-90.12454311745176
102577148.4375,-89.90542229213622
102582031.25,-90.00205427284163
102586914.0625,-89.94799589489512
102591796.875,-89.92696727611343
102596679.6875,-90.05491510293723
102601562.5,-89.98159636726575
102606445.3125,-90.05712138196591
102611328.125,-89.9372086183198
102616210.9375,-90.00316547998875
102621093.75,-90.04816579354022
102625976.5625,-90.06902576309082
102630859.375,-90.13702907333453
102635742.1875,-90.21340107991918
102640625.0,-90.20399415606607
102645507.8125,-90.44168592342427
102650390.625,-90.21473738150752
102655273.4375,-90.22211649672772
102660156.25,-90.3398082617662
102665039.0625,-90.37635864003826
102669921.875,-90.40164363994683
102674804.6875,-90.43778674467049
102679687.5,-90.40052886789167
102684570.3125,-90.37727025993127
102689453.125,-90.55383564429027
102694335.9375,-90.4359592837094
102699218.75,-90.57558709110879
102704101.5625,-90.52739167797827
102708984.375,-90.41986354887794
102713867.1875,-90.5453746274492
102718750.0,-90.45418504746809
102723632.8125,-90.53574568215012
102728515.625,-90.55851026234112
102733398.4375,-90.52092982259123
102738281.25,-90.45707580078766
102743164.0625,-90.55682909158207
102748046.875,-90.47484051170053
102752929.6875,-90.53538033219417
102757812.5,-90.5316479735136
102762695.3125,-90.42722077269377
102767578.125,-90.55209023143246
102772460.9375,-90.34298520053122
102777343.75,-90.60508541231385
102782226.5625,-90.5517752640894
102787109.375,-90.47454636991077
102791992.1875,-90.39520980905613
102796875.0,-90.43907330247174
102801757.8125,-90.37561689141768
102806640.625,-90.44805202777573
102811523.4375,-90.38350189473971
102816406.25,-90.34427532451514
102821289.0625,-90.49650146976558
102826171.875,-90.44626834416522
102831054.6875,-90.38236836718005
102835937.5,-90.27098453241516
102840820.3125,-90.4437873803509
102845703.125,-90.37323177651115
102850585.9375,-90.45269935479371
102855468.75,-90.42255233233695
102860351.5625,-90.4015595511049
102865234.375,-90.47701989245124
102870117.1875,-90.35834414622326
102875000.0,-90.46475908871798
102879882.8125,-90.34888658566143
102884765.625,-90.32822001157137
102889648.4375,-90.399590106333
102894531.25,-90.3830881401579
102899414.0625,-90.46236829395414
102904296.875,-90.46994924832032
102909179.6875,-90.452173817937
102914062.5,-90.50470918938248
102918945.3125,-90.54417368206612
102923828.125,-90.50616025508793
102928710.9375,-90.44713564449313
102933593.75,-90.38356609568177
102938476.5625,-90.4440472672699
102943359.375,-90.52652816486824
102948242.1875,-90.5153060531675
102953125.0,-90.52019820007581
102958007.8125,-90.46170754503518
102962890.625,-90.49173152285294
102967773.4375,-90.61370530129818
102972656.25,-90.61552848213728
102977539.0625,-90.63459775820476
102982421.875,-90.60569285450575
102987304.6875,-90.57959152026163
102992187.5,-90.52680382802845
102997070.3125,-90.5593304494879
103001953.125,-90.58151254562222
103006835.9375,-90.56256283311248
103011718.75,-90.60036765603269
103016601.5625,-90.58681069610566
103021484.375,-90.48845479673463
103026367.1875,-90.47057187859753
103031250.0,-90.58718631891747
103036132.8125,-90.45474157692627
103041015.625,-90.60363782073895
103045898.4375,-90.51100894652086
103050781.25,-90.41806037686578
103055664.0625,-90.5099454113722
103060546.875,-90.47609340789998
103065429.6875,-90.3644030632183
103070312.5,-90.38314465695152
103075195.3125,-90.38699616464797
103080078.125,-90.33873315183928
103084960.9375,-90.47587681514489
103089843.75,-90.27169130694313
103094726.5625,-90.32653727324663
103099609.375,-90.37577363607573
103104492.1875,-90.41947345461244
103109375.0,-90.29791455402014
103114257.8125,-90.31586004028429
103119140.625,-90.21568286978277
103124023.4375,-90.20154834010978
103128906.25,-90.36118621119175
103133789.0625,-90.35967701983452
103138671.875,-90.3827727663004
103143554.6875,-90.31339549494629
103148437.5,-90.3591536779297
103153320.3125,-90.30773359237162
103158203.125,-90.25968374783116
103163085.9375,-90.38556991564067
103167968.75,-90.40757709263207
103172851.5625,-90.44178703935154
103177734.375,-90.37991129082198
103182617.1875,-90.51727402633512
103187500.0,-90.40317578502064
103192382.8125,-90.37633891551178
103197265.625,-90.41501861720502
103202148.4375,-90.45490908583841
103207031.25,-90.43058141945133
103211914.0625,-90.52933180157257
103216796.875,-90.57953291848756
103221679.6875,-90.54710713312011
103226562.5,-90.50278392490267
103231445.3125,-90.57819575571938
103236328.125,-90.48359662961784
103241210.9375,-90.6168514726919
103246093.75,-90.470396075367
103250976.5625,-90.53267745278941
103255859.375,-90.45242811576071
103260742.1875,-90.51293096547664
103265625.0,-90.37866830804401
103270507.8125,-90.4470979151331
103275390.625,-90.32792992638124
103280273.4375,-90.56940394994581
103285156.25,-90.45713405799518
103290039.0625,-90.52838105216492
103294921.875,-90.33246424834707
103299804.6875,-90.29242053222026
103304687.5,-90.21832207974566
103309570.3125,-90.22160251274101
103314453.125,-90.21137877593003
103319335.9375,-90.06299663984538
103324218.75,-90.04434019287135
103329101.5625,-89.9602812649552
103333984.375,-90.02861100891158
103338867.1875,-89.82147853119227
103343750.0,-89.83879707394064
103348632.8125,-89.75603101944972
103353515.625,-89.64725396170113
103358398.4375,-89.41003857618009
103363281.25,-89.25647661922028
103368164.0625,-89.18935075519704
103373046.875,-89.02239908969969
103377929.6875,-88.82387452343647
103382812.5,-88.89812907649997
103387695.3125,-88.79906393940638
103392578.125,-88.68459428091643
103397460.9375,-88.77738231304849
103402343.75,-88.65783571611613
103407226.5625,-88.71219209875846
103412109.375,-88.79648073405099
103416992.1875,-88.76193288172513
103421875.0,-88.95759752661311
103426757.8125,-88.94112489936728
103431640.625,-89.13229057188767
103436523.4375,-89.19812125280788
103441406.25,-89.24827390489438
103446289.0625,-89.53169034725497
103451171.875,-89.5163292373868
103456054.6875,-89.70996060849632
103460937.5,-89.66293933240394
103465820.3125,-89.81627912339417
103470703.125,-89.87086368235413
103475585.9375,-90.10344958005322
103480468.75,-90.1365787126395
103485351.5625,-90.05914835575263
103490234.375,-90.25135715423343
103495117.1875,-90.36602798865206
103500000.0,-90.30250931213843
103504882.8125,-90.3848504126687
103509765.625,-90.30223506579694
103514648.4375,-90.28335769239303
103519531.25,-90.45080090383286
103524414.0625,-90.56897029711234
103529296.875,-90.53110086383654
103534179.6875,-90.44400334889619
103539062.5,-90.49422054786714
103543945.3125,-90.46656202820617
103548828.125,-90.43586864567303
103553710.9375,-90.38655519884463
103558593.75,-90.41196459325187
103563476.5625,-90.32654848872912
103568359.375,-90.30180735219557
103573242.1875,-90.20048036545873
103578125.0,-89.83077510903667
103583007.8125,-89.01103923359389
103587890.625,-89.18980356517525
103592773.4375,-88.12479456860609
103597656.25,-82.96062220731119
103602539.0625,-79.09978278760678
103607421.875,-80.4263641547231
103612304.6875,-80.41219571954184
103617187.5,-79.88294260681414
103622070.3125,-78.85499309567655
103626953.125,-78.82499907548134
103631835.9375,-78.31224007682363
103636718.75,-78.19224324915058
103641601.5625,-77.73106689474622
103646484.375,-77.03051107267495
103651367.1875,-75.94601076009201
103656250.0,-74.76661645889183
103661132.8125,-73.45219994617477
103666015.625,-72.91263763862534
103670898.4375,-72.59189019276096
103675781.25,-72.01378715882979
103680664.0625,-71.53458860957574
103685546.875,-71.43032108435017
103690429.6875,-71.16820332675366
103695312.5,-71.25358859736264
103700195.3125,-71.13508146452762
103705078.125,-71.07564586166569
103709960.9375,-71.37905295532775
103714843.75,-71.87629410456847
103719726.5625,-72.26287367541642
103724609.375,-72.91064878745078
103729492.1875,-73.67525285891924
103734375.0,-74.0396243956803
103739257.8125,-74.47949475024421
103744140.625,-75.45341171268379
103749023.4375,-76.60088248514074
103753906.25,-77.38030459264303
103758789.0625,-77.59615913873066
103763671.875,-77.5895566176693
103768554.6875,-78.58783814688005
103773437.5,-80.51437914208284
103778320.3125,-81.59207976636785
103783203.125,-83.32444386998111
103788085.9375,-83.77511169264784
103792968.75,-84.11661808064824
103797851.5625,-85.40537266044177
103802734.375,-88.23905920346846
103807617.1875,-89.47873579002587
103812500.0,-89.6749445694337
103817382.8125,-90.00587172212892
103822265.625,-90.29196858405226
103827148.4375,-90.34015739011747
103832031.25,-90.35862933717686
103836914.0625,-90.3631034498701
103841796.875,-90.43801800995655
103846679.6875,-90.51354527244155
103851562.5,-90.50663164402926
103856445.3125,-90.59682158027499
103861328.125,-90.47683782483097
103866210.9375,-90.56007542137041
103871093.75,-90.4073360284014
103875976.5625,-90.45875187440043
103880859.375,-90.38932536550968
103885742.1875,-90.34416812236267
103890625.0,-90.28140930572229
103895507.8125,-90.336162316974
103900390.625,-90.23105582153957
103905273.4375,-90.1824403720475
103910156.25,-90.22738385082937
103915039.0625,-90.01200814419485
103919921.875,-90.03038118080735
103924804.6875,-89.89420058928607
103929687.5,-89.85629559738351
103934570.3125,-89.72092711413896
103939453.125,-89.78328603565788
103944335.9375,-89.63304653933841
103949218.75,-89.58563062093043
103954101.5625,-89.32001309972395
103958984.375,-89.24367912854231
103963867.1875,-89.10758723937522
103968750.0,-88.84235801989743
103973632.8125,-88.84441602514272
103978515.625,-88.76565347644822
103983398.4375,-88.68035247745695
103988281.25,-88.65489008859782
103993164.0625,-88.72060357859661
103998046.875,-88.6300389147872
104002929.6875,-88.5151039480437
104007812.5,-88.5553694018939
104012695.3125,-88.73175771816881
104017578.125,-88.70623063232591
104022460.9375,-88.81891405533031
104027343.75,-89.00342588052521
104032226.5625,-88.95958385265479
104037109.375,-89.10875485906706
104041992.1875,-89.17245431029986
104046875.0,-89.28855573901893
104051757.8125,-89.42721859340355
104056640.625,-89.46392073542287
104061523.4375,-89.59949668121507
104066406.25,-89.73836739727429
104071289.0625,-89.80748002114413
104076171.875,-89.96454266604499
104081054.6875,-90.19566980165979
104085937.5,-90.1105617223306
104090820.3125,-90.18822863391821
104095703.125,-90.34951056516846
104100585.9375,-90.28869845575252
104105468.75,-90.38282614653627
104110351.5625,-90.48954406229197
104115234.375,-90.52819400265773
104120117.1875,-90.48578892408895
104125000.0,-90.52133336189519
104129882.8125,-90.60614971463988
104134765.625,-90.67514814665518
104139648.4375,-90.59411230559965
104144531.25,-90.60813339854258
104149414.0625,-90.57898767556091
104154296.875,-90.55425908618415
104159179.6875,-90.6359748939206
104164062.5,-90.54444397350284
104168945.3125,-90.68415212425674
104173828.125,-90.6455239069501
104178710.9375,-90.68260573422955
104183593.75,-90.63319552675802
104188476.5625,-90.63242109931443
104193359.375,-90.62278793135161
104198242.1875,-90.74584647314285
104203125.0,-90.64557913261092
104208007.8125,-90.6957403126759
104212890.625,-90.60798157194685
104217773.4375,-90.69028072243478
104222656.25,-90.66240063238757
104227539.0625,-90.54850748442462
104232421.875,-90.5737826000078
104237304.6875,-90.55739056170177
104242187.5,-90.55397306020097
104247070.3125,-90.56836179403899
104251953.125,-90.74216635533088
104256835.9375,-90.66245251880488
104261718.75,-90.6816365341119
104266601.5625,-90.61615772545736
104271484.375,-90.54194813431519
104276367.1875,-90.68430236313748
104281250.0,-90.61173190555576
104286132.8125,-90.57711023507918
104291015.625,-90.53830777728365
104295898.4375,-90.57906150178377
104300781.25,-90.61521305718907
104305664.0625,-90.61156946486733
104310546.875,-90.59972760182808
104315429.6875,-90.60284436582717
104320312.5,-90.57896862969483
104325195.3125,-90.64603761835608
104330078.125,-90.59341975522548
104334960.9375,-90.7117062717632
104339843.75,-90.67135781036643
104344726.5625,-90.61889508461559
104349609.375,-90.83621002012504
104354492.1875,-90.68118977607537
104359375.0,-90.62974662979283
104364257.8125,-90.69461732227441
104369140.625,-90.68349168318463
104374023.4375,-90.5842892205703
104378906.25,-90.6357017141948
104383789.0625,-90.64903948029621
104388671.875,-90.66541098465399
104393554.6875,-90.69731931133919
104398437.5,-90.68686232728058
104403320.3125,-90.69131466647988
104408203.125,-90.50424158927368
104413085.9375,-90.71780650665048
104417968.75,-90.65843567643296
104422851.5625,-90.75235165863435
104427734.375,-90.79904568013
104432617.1875,-90.62994326403046
104437500.0,-90.64805235618684
104442382.8125,-90.70187805635251
104447265.625,-90.56113265788323
104452148.4375,-90.56425571719709
104457031.25,-90.69753774538918
104461914.0625,-90.58414440498797
104466796.875,-90.6464987194008
104471679.6875,-90.62772972574021
104476562.5,-90.57039875713798
104481445.3125,-90.48089774893492
104486328.125,-90.45627133938055
104491210.9375,-90.4698397013814
104496093.75,-90.36266540467409
104500976.5625,-90.22666146658878
104505859.375,-90.20211595186208
104510742.1875,-90.16345076987287
104515625.0,-90.04634547283396
104520507.8125,-89.86856008816397
104525390.625,-89.68705803144783
104530273.4375,-89.497878704986
104535156.25,-89.52617847984274
104540039.0625,-89.40417041455245
104544921.875,-89.32805826109222
104549804.6875,-89.42123523647723
104554687.5,-88.98862405742702
104559570.3125,-88.85922709504354
104564453.125,-88.83651955309091
104569335.9375,-88.61012073453554
104574218.75,-88.39552653972794
104579101.5625,-88.49018973014475
104583984.375,-88.38263265029548
104588867.1875,-88.30984841753747
104593750.0,-88.26487839725857
104598632.8125,-88.115325699186
104603515.625,-88.31565987515009
104608398.4375,-88.16057768248336
104613281.25,-88.25225984531372
104618164.0625,-88.4155116332636
104623046.875,-88.45970362285118
104627929.6875,-88.56672690709684
104632812.5,-88.89175518679426
104637695.3125,-88.9007632115378
104642578.125,-89.09923556611975
104647460.9375,-89.29217692314415
104652343.75,-89.27395621480429
104657226.5625,-89.33261700973918
104662109.375,-89.50064686390857
104666992.1875,-89.69000015938545
104671875.0,-89.62520142488043
104676757.8125,-89.66752194657161
104681640.625,-89.78135762066057
104686523.4375,-89.87791763894728
104691406.25,-90.14634307895281
104696289.0625,-90.08206360800833
104701171.875,-90.2674704625897
104706054.6875,-90.3718014897849
104710937.5,-90.39939267499926
104715820.3125,-90.48809377857998
104720703.125,-90.36141881966404
104725585.9375,-90.48960992682711
104730468.75,-90.42527098891955
104735351.5625,-90.50982390255643
104740234.375,-90.61944757692811
104745117.1875,-90.57476762686468
104750000.0,-90.54322213499387
104754882.8125,-90.54610755923773
104759765.625,-90.61058036689982
104764648.4375,-90.56540217622154
104769531.25,-90.50177465940348
104774414.0625,-90.5048085010198
104779296.875,-90.42959578439687
104784179.6875,-90.44680361862564
104789062.5,-90.37097621030347
104793945.3125,-90.44254812120863
104798828.125,-90.48381458403452
104803710.9375,-90.39246891038383
104808593.75,-90.52515691152419
104813476.5625,-90.42750765793494
104818359.375,-90.48659633369533
104823242.1875,-90.35100093417716
104828125.0,-90.4032257578462
104833007.8125,-90.36788792100336
104837890.625,-90.292347609628
104842773.4375,-90.24888270217289
104847656.25,-90.24087891338232
104852539.0625,-90.19320053152163
104857421.875,-90.16915992829564
104862304.6875,-90.05799260916689
104867187.5,-90.02890034946407
104872070.3125,-89.90558085012867
104876953.125,-90.06215546444577
104881835.9375,-89.9622517513881
104886718.75,-89.86556355413796
104891601.5625,-89.79023911785973
104896484.375,-89.95973852005645
104901367.1875,-89.8490044813694
104906250.0,-89.88074403000832
104911132.8125,-89.86910424739304
104916015.625,-89.8983506184864
104920898.4375,-89.96407983457544
104925781.25,-90.01375510399225
104930664.0625,-90.08237046706617
104935546.875,-90.08347362116962
104940429.6875,-90.18171187374077
104945312.5,-90.31872998754517
104950195.3125,-90.31481437624444
104955078.125,-90.3679184221701
104959960.9375,-90.28366994545559
104964843.75,-90.45938839832343
104969726.5625,-90.25592013507682
104974609.375,-90.48494097853663
104979492.1875,-90.4404312465345
104984375.0,-90.3881674050948
104989257.8125,-90.51187234064221
104994140.625,-90.58341771673506
104999023.4375,-90.53688252443118
105003906.25,-90.61470072656482
105008789.0625,-90.69698062277877
105013671.875,-90.61099582559964
105018554.6875,-90.66133730346627
105023437.5,-90.59647665086189
105028320.3125,-90.63993359477561
105033203.125,-90.57183238160133
105038085.9375,-90.85192109743531
105042968.75,-90.74938548470206
105047851.5625,-90.65363344260965
105052734.375,-90.56394425029055
105057617.1875,-90.69400882921363
105062500.0,-90.6750464181132
105067382.8125,-90.68369430650154
105072265.625,-90.75026179739541
105077148.4375,-90.67081164003727
105082031.25,-90.59128496864707
105086914.0625,-90.69181797870957
105091796.875,-90.67969129812471
105096679.6875,-90.55324754729358
105101562.5,-90.51419088682024
105106445.3125,-90.63427646706191
105111328.125,-90.58649572766404
105116210.9375,-90.64732662278183
105121093.75,-90.51848936705608
105125976.5625,-90.50635252005026
105130859.375,-90.53194341605177
105135742.1875,-90.36640974095442
105140625.0,-90.4133676641896
105145507.8125,-90.49275479945129
105150390.625,-90.49815832674736
105155273.4375,-90.34018763046302
105160156.25,-90.51289615490614
105165039.0625,-90.4309689620757
105169921.875,-90.41744611502742
105174804.6875,-90.44507380101388
105179687.5,-90.42614994794556
105184570.3125,-90.44159083120627
105189453.125,-90.35175192682019
105194335.9375,-90.4204476099284
105199218.75,-90.52085148752181
105204101.5625,-90.41863192906223
105208984.375,-90.33589405571806
105213867.1875,-90.42247318762622
105218750.0,-90.27293671732181
105223632.8125,-90.41177487367702
105228515.625,-90.38768213123782
105233398.4375,-90.28206016623108
105238281.25,-90.37996527943679
105243164.0625,-90.46983099580675
105248046.875,-90.54525260159832
105252929.6875,-90.48419721655634
105257812.5,-90.49095883529893
105262695.3125,-90.64507378079679
105267578.125,-90.60944262757889
105272460.9375,-90.51662180047322
105277343.75,-90.67451376022566
105282226.5625,-90.57210458541454
105287109.375,-90.53852469650533
105291992.1875,-90.61382125088511
105296875.0,-90.56547027120732
105301757.8125,-90.52844135340595
105306640.625,-90.62898293764104
105311523.4375,-90.66186656709817
105316406.25,-90.56737565426022
105321289.0625,-90.58645452806408
105326171.875,-90.56735554615764
105331054.6875,-90.5213703825367
105335937.5,-90.53766400637588
105340820.3125,-90.50980091049729
105345703.125,-90.42225019255395
105350585.9375,-90.42814948915273
105355468.75,-90.37687594672883
105360351.5625,-90.37015992161844
105365234.375,-90.52568833888432
105370117.1875,-90.34383115595458
105375000.0,-90.37637550958684
105379882.8125,-90.31989179694301
105384765.625,-90.28984317985379
105389648.4375,-90.17590923924254
105394531.25,-90.20540939049286
105399414.0625,-90.05383332295301
105404296.875,-90.15561290078779
105409179.6875,-90.29070732231372
105414062.5,-90.27870017193771
105418945.3125,-90.2487135220114
105423828.125,-90.28383050399367
105428710.9375,-90.39596903636297
105433593.75,-90.35057721764969
105438476.5625,-90.35420289098025
105443359.375,-90.26237102754413
105448242.1875,-90.35602154327952
105453125.0,-90.44767911456003
105458007.8125,-90.42940783794941
105462890.625,-90.47280149560325
105467773.4375,-90.52288852346652
105472656.25,-90.54059365303482
105477539.0625,-90.432356853355
105482421.875,-90.51638848687611
105487304.6875,-90.48255559569793
105492187.5,-90.56418665723172
105497070.3125,-90.45501992121592
105501953.125,-90.62319352448642
105506835.9375,-90.42022216896771
105511718.75,-90.50910183350561
105516601.5625,-90.44143453806021
105521484.375,-90.57929447546883
105526367.1875,-90.56133740558985
105531250.0,-90.54963913342078
105536132.8125,-90.62034265001637
105541015.625,-90.58841446284472
105545898.4375,-90.63542730499617
105550781.25,-90.65096705317094
105555664.0625,-90.56115219478698
105560546.875,-90.55325477956688
105565429.6875,-90.5418869134632
105570312.5,-90.59223843488334
105575195.3125,-90.70989278670842
105580078.125,-90.67526072128342
105584960.9375,-90.59048844736029
105589843.75,-90.48413230123137
105594726.5625,-90.35329056142271
105599609.375,-90.20861374759224
105604492.1875,-90.03515042921788
105609375.0,-89.62970356468398
105614257.8125,-88.99773756398213
105619140.625,-88.4146677330358
105624023.4375,-87.59322742079829
105628906.25,-87.03178633293373
105633789.0625,-86.14051775480056
105638671.875,-85.27994252272595
105643554.6875,-84.98546500048681
105648437.5,-84.25335435961756
105653320.3125,-83.93786840330836
105658203.125,-83.74233830857105
105663085.9375,-83.227060538339
105667968.75,-82.79909045049035
105672851.5625,-82.38011879401026
105677734.375,-81.7684113856466
105682617.1875,-81.270268314699
105687500.0,-81.37241828693976
105692382.8125,-81.54086201215824
105697265.625,-81.78710435362768
105702148.4375,-82.90332475661754
105707031.25,-85.33524265349826
105711914.0625,-86.0871517159683
105716796.875,-85.79572153942766
105721679.6875,-85.81263044908837
105726562.5,-86.0391876082613
105731445.3125,-86.18621267666634
105736328.125,-86.00859339515978
105741210.9375,-85.79316568838922
105746093.75,-85.74919157847509
105750976.5625,-85.85746704290199
105755859.375,-86.3490266253147
105760742.1875,-86.78099169158907
105765625.0,-87.39500796471643
105770507.8125,-87.70125139495218
105775390.625,-88.18039120910692
105780273.4375,-88.57023638133845
105785156.25,-89.10139073462071
105790039.0625,-89.31714039241362
105794921.875,-89.75796114391807
105799804.6875,-89.92511527042777
105804687.5,-90.2218846869084
105809570.3125,-90.36083409019062
105814453.125,-90.50432346948193
105819335.9375,-90.6441788136573
105824218.75,-90.44399768630623
105829101.5625,-90.62748556094462
105833984.375,-90.59679996527032
105838867.1875,-90.59443114612884
105843750.0,-90.62970776993183
105848632.8125,-90.6456570245413
105853515.625,-90.58680153834922
105858398.4375,-90.65436479500278
105863281.25,-90.63514710955786
105868164.0625,-90.61654216604299
105873046.875,-90.77643239815973
105877929.6875,-90.59466931966011
105882812.5,-90.62395605836545
105887695.3125,-90.61212286623896
105892578.125,-90.48636019975919
105897460.9375,-90.6330958736979
105902343.75,-90.64125202003285
105907226.5625,-90.51001819815698
105912109.375,-90.4876193110492
105916992.1875,-90.52390820260086
105921875.0,-90.49843025250965
105926757.8125,-90.36294965950378
105931640.625,-90.40805340017522
105936523.4375,-90.30724489679511
105941406.25,-90.26549447314352
105946289.0625,-90.41201057355121
105951171.875,-90.31486075718013
105956054.6875,-90.3038707457494
105960937.5,-90.26514345848022
105965820.3125,-90.23608664264265
105970703.125,-90.20119935731941
105975585.9375,-90.10697640963326
105980468.75,-90.19837454281154
105985351.5625,-90.16039084126842
105990234.375,-90.02748125442292
105995117.1875,-90.08330938689414
